userName,score,content,at
Shella weyai,5,bagus,2025-07-31 10:55:55
Adhy Kurniadhy,1,aplikasi elu ganggu banyak muncul di iklan!!!!!!!,2025-07-31 10:51:16
embah rasta,5,mantap,2025-07-31 10:48:11
Yuzie wahyu Wahyu,5,ada kami sangat membantu sekali pada ekonomi saat ini mantaaappp,2025-07-31 10:47:13
Syafiq Nabil Mumtaz,1,aplikasi aneh.. udah dapet limut tp pas peninjauan di tolak.. inget ya hari ini tgl. 31 jui 2025 akun atas nama mega anggraini trlah di tutup.. jika ada hal hal yg meresahkan saya akan lapor ke pihak yg berwajib..!!,2025-07-31 10:38:49
Silvia Nuraini,1,"apk parah sepanjang masa,,saya pernah daftar bertahun"" lalu pke nomer saya yg sudah ntah kemana,,tapi saya gapernah pinjem sedikitpun di apk ini! tiba"" tdi pagi saya di WA ada tagihan dari adakami,tapi masuk ke nomer sy yg baru, pas sya coba masuk ke apk nya gabisa krna data saya ada yg pakai,, katanya aman tapi ko bisa di pake orang,parahhhh,,sudah sya email tapi belum dblas",2025-07-31 10:32:17
Zuckdy Zuckdy,5,mantab bos,2025-07-31 10:30:18
Yogi Prasetio,1,"apk pinjaman dengan bunga paling tinggi, masa biaya layanan 1juta lebih di apk bilang 0,03% ternyata Hoaxs🤬😑",2025-07-31 10:30:13
Nadia Salsa,4,dr kmrn d tolak mlu alhmdulillah d ACC skrng,2025-07-31 10:10:30
Inu Yahsya,1,"kepada pihak adakami, kenapa tiba2 saya ada wa tagihan sebesar 1,9 jta lebih,?? padahal tdk punya tagihan, pengajuan saya aja di tolak terus kok ini malah ada penagihan.",2025-07-31 10:07:27
Jilo Goyang,1,bunga terlalu tinggi,2025-07-31 10:00:00
Aboy Apriansyah,1,"gue ga download adakami, kenapa tiba"" ada tagihan yg ga jelas ? ini gue harus lapor kemana ?",2025-07-31 09:51:47
Nurbiyah Nurbiyah,5,sangat membantu,2025-07-31 09:46:28
Anggiyana Yana,1,"sy g pernh minjem uang di aplikasi adakami knpa sy ditagih trss,, di wa trs suruh byr tagihan,, sy g pernh ngaktifin pinjol sama sekali parahhh,,,, bisa saya laporan ke pihak yg berwajib kalo ky gini ,,,???? jgn nagih sy terus sy g pernh minjam pinjol,,,!!!!",2025-07-31 09:35:45
Jennifer 88 Feel,1,"dodol , sulit pengajuan,iklan aja dimana2, ribet ah",2025-07-31 09:33:09
fah ronie,5,solusi utk keprluan mendadak,2025-07-31 09:27:41
Ilham Iwak,1,ga pernah minjem ada tagihan maksudnya gimana ya????,2025-07-31 09:21:45
Arumsari 1234,5,Amanah dan Aman.Limit Bulanan.OK.Membantu,2025-07-31 09:16:15
Fitri Yani,5,terima kasih,2025-07-31 09:15:09
Dayat Farezza,5,pinjam di ACC,2025-07-31 09:11:04
Dwi sumartini,5,"Alhamdulillah prosesnya 1 bulan, dan Alhamdulillah Bisa dipake. Terimakasih",2025-07-31 09:07:58
Lea Nirwana,5,sangat membantu .ke depannya semoga tambah sukses .Aamin. terima kasih,2025-07-31 09:05:45
Hettysuhaety 90,1,"sngat kcwa d bgian pnagihan ,bnyk no berbeda yg menghubngi tris menerus blom lgi nagihnya tdk sopan ,berkta ksar , memaki ,mengancam ,tnpa ad kta baik dari awal d apk lain sy sring tlat tpi bru dsni sy mengalami hal buruk ..sungguh mengecewakan",2025-07-31 09:02:05
Yuli Kristiono,1,per tanggal 31/07/2025. saya telah unistall aplikasi adakami yg tidak jelas ini.. karena di aplikasi ini tiada penghapusan data.. tolong kalian hapus data saya secara permanen. apabila kalian menyalahgunakan data saya. maka kalian berurusan dengan hukum,2025-07-31 08:59:39
Maestro,1,nawarin giliran butuh susah,2025-07-31 08:55:33
myman ismail,1,gk suka,2025-07-31 08:53:52
Firdaus Firdaus,4,sangat membantu,2025-07-31 08:49:46
Yen M,5,bunga lebih rendah lebih oke,2025-07-31 08:11:52
Mieke Maulani,1,"ini penipuan banget,, yang pas awal perbulan pembayaran 500 tiba2 jadi 900,, gimana inii,, kok jadi giniii,,",2025-07-31 08:05:45
Muhammad Hamidi,5,sangat membatu,2025-07-31 07:54:36
MARNA MARNA,5,"ka tolong hapus data saya klu ada apa"" gak mau tanggung jawab y ka",2025-07-31 07:50:03
Dian alfahri Pahei,5,apk mantap,2025-07-31 07:17:30
Alan Jaelani,5,gampang dan mudah 👍,2025-07-31 06:36:14
dhani taufan,5,sangat mudah,2025-07-31 06:29:14
viona rizky amalia,1,stres bunga ny gd bgt,2025-07-31 06:09:22
hengky 18,1,ribet,2025-07-31 05:26:13
piyong Motor,1,loba teuin iklan,2025-07-31 05:03:02
ip An,3,plikasi ini saya hapus jdi klu ad ygvpinjm brrti bkan sya,2025-07-31 03:41:13
Nur Rahmat,1,udah nunggu nya lama ehh giliran pengajuan langsung di tolak👎👎,2025-07-31 03:30:39
aruelll Xr,1,"bro cukup sampai gua aja yg apes, kalian jangan. gua pinjem 2.180.000 tenor 6 bulan, bungan per bulan itu bukan 0,03% bro tapi 9,61% perbulan. bengkak banget bunganya. saran aja mending yg lain biar idup lo gak nyesel kaya gua",2025-07-31 02:54:01
Samsuri 09,1,"Apliksasi cuma niat ngumpulin data orang saja. Pngajuan pinjaman saya di tolak. Hari ini tanggal 31/07/2025 jam 02.43 saya tidak ada pinjaman di app Ada Kami karna pengajuan tdk di acc. Di aplikasi ini tdk ada menu hps akun,hanya ada menu KELUAR. Jadi kpda pemegang app AdaKami,mohon jgn slh gunakan data diri saya yg tlh masuk untuk hal hal yg tdk saya lakukan.Awas saja kalo di kemudian hari kena tagihan. Dan detik ini juga saya akan Uninstal app AdaKami dari hp saya. Trimakasih untuk penolakanya",2025-07-31 02:50:01
Nur Khasan,5,"Saya Yang bernama Nur Khasan mulai tgl 31-07-2025 Telah Meminta Penutupan akun, mohon di konfirmasi untuk penutupan/penghapusan data akun jngan salah gunakan data saya, sdh hpus aplikasi. Terima Kasih",2025-07-31 01:55:26
sri handayani,1,"IKLANNYA SANGAT MENGGANGGU . SELALU MUNCUL DI PLATFORM LAIN GAK BISA DISKIP . HAPUS AJA APLIKASI KEK GINI BIKIN BANYAK ORANG KEJERAT UTANG . DONGKOL LAMA"" IKLANNYA GANGGU MULU",2025-07-31 01:55:04
F sopian,5,gooddddd,2025-07-31 01:27:05
andrias bayu,1,buruk,2025-07-31 01:02:37
Putu Widya rini,5,sangat membatu,2025-07-31 00:56:52
andri mulyono,1,iklan babi,2025-07-31 00:51:28
Rido New,5,limit yh ga naik2 dari 400 skrg 600rb,2025-07-31 00:44:24
Ros Diana,2,"pinjaman tidak di ACC,tolong data""saya jangan disalah gunakan",2025-07-31 00:43:35
Sebastianus usu,1,padahal sudah isi data giliran mau pinjam di tolak dengan alasan yang gak masuk akal gak usah pake aplikasi ini nanti nyesal,2025-07-31 00:36:54
Saddam Husein,5,cepat dan mudah,2025-07-31 00:31:38
Akun Bersama,1,blm pernah dikasih pinjaman,2025-07-31 00:24:08
Ruth,5,"butuh dana cepat buat biaya operasional usaha toko aku, akhirnya ketemu yang cocok di Adakami ini karena tenor pendek dan bunganya rendah",2025-07-31 00:17:17
Raya lintang Cakrawala,5,butuh dana cepat buat biaya operasional usaha toko aku.akhirnya ketemu yg cocok di Adakami ini karena tenor nya pendek dan bunga nya rendah.,2025-07-31 00:15:53
Ifzii Rahman125,5,Bagus limit sesuai,2025-07-31 00:10:56
Firmansyah Mansyahgabut123,5,adakami adalah pinjaman yang sangat menarik dan bagus untuk di gunakan,2025-07-31 00:09:49
Lang Aja,5,butuh dana cepat? bisa download adakami aja cair nya cepet ga ribet juga truss pengajuan cepet ayo download adamaki,2025-07-31 00:06:47
Jefri Nicol,5,"Untuk bayar biaya kuliah online, saya percayakan AdaKami dan hasilnya puas.",2025-07-31 00:06:10
Lesi Herpalinda,1,aplikasi sangat meresahkan selalu muncul iklan di aplikasi lain sangat mengganggu sekali...,2025-07-30 23:40:08
Aji Rizky Saputra,1,"kemarin² masih dikasih cair, pdhl ga pernah namanya telat bayar. knp sekarang ditolak?!",2025-07-30 22:43:05
umi kulsum,3,"iseng isi data pengen tau dapat limit berapa, taunya 200.000 dan itupun di alihkan ke produk lain, mulai hari ini tanggal 30 Juli 2025 saya sudah uninstall apk ini",2025-07-30 22:38:12
Ola Syi,5,bagus,2025-07-30 21:08:23
Jaenudin,1,limit nya terlalu kecil pinjam pertama,2025-07-30 21:00:31
Arfa Muh arfa (Muh arfa),5,cepat proses ya,2025-07-30 20:33:27
ahmatt huseinn,5,like this,2025-07-30 20:33:26
Amara Kumbang,1,terlalu mahal biaya admin pinjam 3.700.000 biaya admin 1.800.000 belum bayar bunganya,2025-07-30 20:30:20
rere ygy,5,mantap berhasil tarik dana,2025-07-30 20:20:22
Ricky Subagja,1,"di kasi SMS Mulu buat pinjem giliran di instal di tolak Mulu. 2x pengajuan 2x di tolak,",2025-07-30 20:06:21
Yakob Herman,5,proses cepat,2025-07-30 20:04:30
luki Alamsyah,5,"pencairan cepat, sat set sat set",2025-07-30 19:53:45
Sina,1,hati2 ini aplikasi nya biar kita bilang tidak usa di transfer dia transfer jaga saya sudah infokan sama cs nya masih di transfer juga klau saya mau ambil uwang cukup di kapung saya di sini satu juta nya cuma seratus ribu aja kalau ini kaya kita mau di peras ingat yg cuma. 2.500 aja yg sya kembalikan,2025-07-30 19:47:37
Ajid Sajidin,5,mantap,2025-07-30 19:38:25
Ardhy Ardi,5,mantap jiwaa,2025-07-30 19:32:11
Nisa Nis,5,terbaik,2025-07-30 19:30:09
I Gede Mertayasa,5,"Proses peminjaman cepat gak pake ribet, recommended banget... sangat berguna pas lagi butuh uang... Jadi ketagihan minjam dan minjam lagi...",2025-07-30 19:10:41
Agosua Maulana,5,jngan ragu segera unduh pengajuan sangat mudah sekali,2025-07-30 19:03:21
Kris Nadi,5,mantapp bunga ringan,2025-07-30 18:51:19
Evan Ratu,1,"Aplikasi gak berguna beda dengan yang lain pengguna baru di kasih periode lama, aplikasi ini untuk pengguna baru sangat tidak bermanfaat dan tidak menguntungkan.Pelayanan sangat buruk sekali aplikasi ini.",2025-07-30 18:15:53
Lydia Mentari P,5,mantep,2025-07-30 18:15:22
Devy Mamonto,5,adakami sangat membantu,2025-07-30 18:09:01
GM Channel,4,"Sdh 4kali pinjam di apk adakami itu pun sdh lunas semua,Dan ketika sya pengajuan kembali kok Di tolak,Alasanya Knpa..?",2025-07-30 18:02:14
Frm Btj,1,limit muncul sekalinya mengajukan pencairan malah tidak bisa..sekalinya liat limity malah 0,2025-07-30 17:57:17
Hendry Halim,5,"Thakss, VERRY Gooddd",2025-07-30 17:50:22
Muhammad Rizaludin,5,ga ngasih anjir,2025-07-30 17:37:01
Ahmad Anasir,5,sangat membantu,2025-07-30 17:28:38
Dede Rosmawati,5,ok,2025-07-30 17:27:59
Muhammad Irham,5,baik sekali,2025-07-30 17:22:57
Asep R,5,"asal benar data di berikan pinjaman gampang cair dan cicilannya di bayar yah ,aplikasi ok banget , rekomendasi buat yang membutuhkan .",2025-07-30 17:11:30
adi mulya,5,sistem pinjaman cepat,2025-07-30 17:02:35
Ade Saepudin,5,bagus mantap cepat,2025-07-30 16:53:07
ikyy sulaiman,5,bgus,2025-07-30 16:51:21
Meymey Chymey,3,sangat membantu,2025-07-30 16:36:31
prima cipta,5,"smuanya pasti ad proses ,, tpi keren aplikasi ni, supaya memacu ,",2025-07-30 16:24:47
Tatang Setiawan,5,Oke banget 👍👍👍,2025-07-30 16:23:59
Salmin Jafar,5,bagus,2025-07-30 16:22:02
Zaky F,1,saya di adakami pinjam 800 rb. sudah lunas. tidak ada keterlambatan. pas mau ngajuin lagi malah di tolak. aneh. padahal gak pernah telat bayar angsuran. . niat minjam bener malah di tolak aneh,2025-07-30 16:07:56
Warrior JR,5,Bagus,2025-07-30 15:58:47
NbbnfLare Ndeso,5,"Terimakasih Adakami, yang selalu respon dengan baik. pengajuan langsung di setujui dan sem prosesnya lebih cepat. Ini pengajuan yang ke sekian kalinya. semoga prosesnya cepat dan langsung cair.Terima kasih AdaKami. Aplikasi bagus dan sangat cepat dalam pelayanan dan memuaskan. AdaKami sudah sangat membantu sekali keuangan saya. Saya akan selalu bayar tepat waktu. Dan semoga AdaKami sukses selalu dan selau membantu dalam keuangan kami. Semoga limit di naikan. Untuk AdaKami Terima kasih.",2025-07-30 15:52:44
dodo Ardiyanto,1,"jangan mau download aplikasi ini,,,, penagihnya gak ngotak, yg ngatasin juga nutup"" pin gak ada tindak lanjutan mending ke shoppe atau aku laku yg punya etika,,,...disini lu disuruh jual diri!!!! woiii rekrut karyawan yg bener",2025-07-30 15:47:27
Ali Akbar,5,"apikasi bagus,semoga limit saya di naikan",2025-07-30 15:35:50
Aulia Kp,1,"aplikasi ini emang kalau masalah pengajuan sama limit gampang, tapi kalau tagihan telat 1 udah dikejar kejar diancam penyebaran data, diancam lewat media sosial kayak instagram. diteror parah banget",2025-07-30 15:35:11
Ghina Tapai,5,sangat cepat,2025-07-30 15:30:42
Ikam Care,5,kurang puas,2025-07-30 15:27:40
Rifaldi Maulana,3,mudah ga ribet,2025-07-30 15:27:00
Maulidin Mukhlis,5,"APK GAK JELAS, UANG GAK DI KIRIM TPI STATUS PINJAMAN KELUAR, SUDAH KITA BUKTIIN DENGAN REK KORAN, TPI INFONYA LOW RESPON, KLOE NANTI DI TELPHON KE SINI AJA KE RUMAH, GAK BKALAN AKU BAYAR,,,,,,,APLIKASI PENIPUAN",2025-07-30 15:26:25
Rizky Mureza,5,saya sudah mengisi data tapi di tolak asem,2025-07-30 15:15:56
key Gaming,5,👍,2025-07-30 15:12:33
Dona Sar,5,bagus sekali,2025-07-30 15:11:56
gusion topglobal1,1,"tolong data saya dihapus saya baru 1 kali pengajuan langsung tidak lolos,ngerii,saya sudah apus apk pada tanggal 30 juli 2025",2025-07-30 15:10:15
Ardiana Ridav,5,solusi ada disini,2025-07-30 14:59:10
Muhamad Mizwar alfiansyah,1,bunga nya tinggi telat 1 hari aja di terornya kaya apa jgn mau di aplikasi ini,2025-07-30 14:56:33
Silvia Handayani,5,"Daftar mudah dan cepat, aplikasi adakami tampilannya user-friendly, cocok buat semua keperlua",2025-07-30 14:56:32
Silvi Nabu,5,keren👍🙏,2025-07-30 14:41:35
Ridwan Nur Cahyo,1,scam👎,2025-07-30 14:32:53
Usrox Trans,5,sangat membantu,2025-07-30 14:32:04
Afdul Diyo H,3,"sangat tidak di sarankan untuk meminjam di aplikasi ini bahkan tidak ada tenggang untuk keterlambatan sehari saja tidak bisa dan selalu mengganggu dan mengancam memakai data pribadi kita, saran saya pinjam di tempat lain aja kalau tidak di aplikasi shopee kalian sendiri. terima kasih 🙏🏻",2025-07-30 14:31:01
Khalif Ma'aruf santoso Ma'aruf santoso,5,"mantap ini apk nya ,aku kira bakal GK cair tuh uang",2025-07-30 14:21:47
Sikin Sofi,5,bagus bgt,2025-07-30 14:21:44
Hasriwahyuni 94,1,"udah hampir puluhan kali ngajuin di aplikasi ini, nggak pernh di setujui. di tolak mulu, entah persyaratan apa yang kurang.nyessel bangett download apk.nya",2025-07-30 14:16:18
Abdul Zabar,1,"malah di tolak , ok lah , saya berharap jangan salah gunakan data saya",2025-07-30 14:14:38
Viran Viran,5,"limitnya naik trus,tapi KLO ngajuin gbisa ,suru tgl sgini,tgl sgtu ,giliran ngajuin gbisa 🫠",2025-07-30 14:09:42
User Mobile,1,pinjaman ada potongan,2025-07-30 13:55:26
Batam Kepri,5,cepat dan nggak ribet..terimakasi..🙏🙏,2025-07-30 13:52:00
Toni prayogi Toni,5,bisa jadi alternatif buat keperluan mendadak.,2025-07-30 13:47:17
yoyong sopyan,5,Good aplication,2025-07-30 13:44:47
Agus Perianto,5,sangat membantu di saat darurat,2025-07-30 13:42:03
Dheny Wu,1,Iklanmu gak ada tombol silang,2025-07-30 13:40:52
mean cuplis,1,gak banget,2025-07-30 13:38:46
OKKY ARIF KHARISMA,5,Alhamdulillah,2025-07-30 13:30:53
pur woko,5,bener2 aplikasi yg menolong..ini sy serius Demi Allah..sy baru mengajukan langsung di setujui pinjaman 10 jt..dan langsung cair..bener2 penolong saat di butuhkan..terima kasih banyak..,2025-07-30 13:23:45
Muhammad Fajri,4,mantap,2025-07-30 13:20:28
Mustika Rahayu,5,cepat dan murah,2025-07-30 13:16:47
Fathian Khalifah,4,mantap proses mudah,2025-07-30 13:09:47
Rampok Berseragam coklat,1,saya pengajuan slalu ditolak tp pas mau daftar ulang katana KTP saya suda terpakai degn mo2281 ini maksud gmn,2025-07-30 13:03:28
Asep Najmudin,5,adakami sangat membantu dan bisa diandalkan,2025-07-30 12:34:15
Ziyana Hendro,5,apk ini rekom sekali untuk kita yg butuh dana mendadak cepat dan mudah sukaa deh,2025-07-30 12:29:40
Rizal Epandy,5,mantap,2025-07-30 12:24:02
Bian Lanang02,5,mantap,2025-07-30 11:58:53
Andy Irawan,5,sangat membantu sekali,2025-07-30 11:51:33
Engkoy Rokayah,1,"hari ini tanggal 30 Juni 2025 saya mengajukan pinjaman diaplikasi adakami,limit saya mencapai 1jt dan langsung saya ajukan pinjaman,pinjaman saya disetujui, langsung tanda tangan elektronik,tetapi setelah saya tanda tangan elektronik, status pinjaman malah ditolak dengan alasan kredit score kurang,oleh karna itu,jika ada orang menagih dengan bersangkutan Kepada saya,saya tidak akan pernah membayarnya karna saya tidak menerima uangnya sepeser pun. dan di hari ini juga saya hpus data dan aplikasi.",2025-07-30 11:47:56
Adam Jebat,5,baik,2025-07-30 11:30:08
Adi Wardana,5,sangat membantu,2025-07-30 11:19:44
Thomas Menna,5,Proses cepat makasih bmayak sdah memberikan bantuan pinjaman,2025-07-30 11:08:10
Lala N H,1,sagat menganggu kebayakan iklan,2025-07-30 11:02:09
Diki Wahyudi,4,"berulang kali di tolak, tapi coba lagi di acc",2025-07-30 10:57:49
Ragil sri Wancono,1,Bunga besar,2025-07-30 10:34:22
Delvi Silaen,1,"anjir banget jangan pernah download aplikasi ini, bikin emosi aja ngiklan dimana2 capek saya skip apalagi org lg nonton drama aplikasi ini muncul melululu bikin emosi",2025-07-30 10:24:23
Widi Aja,5,mundah dan mantap,2025-07-30 10:18:18
Buday 031,5,terimakasih,2025-07-30 10:15:54
dengan kita,1,jangan di pakai pelanyanan tidak ramah,2025-07-30 10:07:06
Imron Efendi,1,saya gak ada pinjaman ko di tagih,2025-07-30 10:05:58
Wawan Harianto,5,mantap sngat luar biasa,2025-07-30 09:57:53
Bosih Cibitung,1,hoak aplikasi ga guna jangan mau download cuma mau curi data doang,2025-07-30 09:55:52
Hendri Pratama,5,mntap,2025-07-30 09:20:13
Ubes Bersahaja,5,bagus dan sangat membantu sekali,2025-07-30 09:06:10
Suer Koprai,5,sangat cepat aksrsnya,2025-07-30 09:06:02
mukhlasin icha,5,ya ok lah,2025-07-30 08:53:15
Stefan Alford,5,"Aplikasi AdaKami benar-benar membantu dalam situasi darurat keuangan. Proses pendaftarannya sangat mudah dan cepat, bahkan verifikasi hanya memakan waktu singkat. Antarmukanya juga user-friendly, jadi gampang digunakan oleh siapa pun, bahkan bagi pengguna baru.",2025-07-30 08:44:42
Siti Fatimah,1,Jagan pernah download aplikasi ini,2025-07-30 08:32:33
Rozi Irawan,5,baik,2025-07-30 08:30:23
Rista Dhae,5,baik,2025-07-30 08:27:41
aldi Yanssah03,1,apk buruk,2025-07-30 08:26:34
Avivah Nurfitriyani,2,"kok ga sesuai ya, pas sebelum dicairkan tertera yang harus di bayar sebesar 166rb, tapi pas sudah dicairkan kenapa yang harus dibayar sebesar 260rb? sangat mengecewakan sekali bunganya terlalu besar",2025-07-30 08:24:15
moh ilham,5,sangat cepat dan dipercaya,2025-07-30 08:12:15
Marty Letsoin,5,Mantap..... 👍👍👍👍👍,2025-07-30 08:10:56
Ahmad W (?),1,"aplikasi pencuri data saja,,saya di tolak pinjem setelah susah susah pinjem 200 ,awas aja kalau disalah gunakan data saya atau ada penagihan itu bukan saya...saya udah screenshoot dan sbg.",2025-07-30 08:04:56
Rina Setiawati,5,alhmdulilah proses cepat dan tidak ada potongan admin,2025-07-30 08:00:18
Murni Srikandi,5,semoga bisa membantu yg membutuhkan,2025-07-30 07:43:14
Putriyani Yani,1,gimana sih ini aplikasi saya udah ngajuin 3x tapi tetep gagal padahal buat modal usaha kalo liat iklan nya kaya nya gampang banget tapi pas udah daftar di tolak terus gimana ini,2025-07-30 07:30:34
Cahya Rihansyah,5,good,2025-07-30 07:20:06
S h s Saja,1,aplikasi php,2025-07-30 05:50:15
Aldi Ganteng,5,good,2025-07-30 05:37:46
Mukhlis Barlian,3,"jatuh tempo per tanggal 30, saya bayar tepat waktu tp udah kena denda, aplikasi rentenir",2025-07-30 05:16:16
Alfa Rizi,5,aplikasi pinjam uang,2025-07-30 04:56:45
Muhamad Yahya,5,Mantap,2025-07-30 04:42:10
Fuji Maru,1,ko kredit nya ga cukup padahal pertama kali loh jangan sampai ada keslah gunakan informasi saya . saya udah Hapus aplikasinya,2025-07-30 04:36:24
fikri khair islami,1,BODOH BODOH,2025-07-30 03:35:12
Ramdan Sidik Sidik,5,"Adapundi sangat membantu saya saat membutuhkan dana tambahan untuk keperluan mendesak. Proses pengajuan pinjaman sangat sederhana dan tidak memakan waktu lama.Semua informasi mengenai bunga,tenor,dan biaya lainnya disampaikan dengan jelas di aplikasi sehingga saya bisa mengatur pembayaran dengan baik.Customer service Adapundi juga sangat responsif dan siap membantu kapan saja. Saya sangat merekomendasikan aplikasi ini kepada siapa saja yang membutuhkan pinjaman online yang cepat dan terpercaya.",2025-07-30 03:06:29
ope keroncong,5,dana rupiah paling mantap pinjam cepat dan bunga sangat ringan untuk mahasiswa di tanggal tua,2025-07-30 02:39:10
ara zhr,5,sangat membantu dan cepat cair nya god job adakami,2025-07-30 01:30:50
fajar ramaserang,5,dana rupiah paling aman dan cepat dalam proses pengajuan di aplikasi bunga dana rupiahnya rendah,2025-07-30 01:27:22
Muhammad Khairi,5,terbaik,2025-07-30 01:25:23
Taek 77,5,icash oke,2025-07-30 01:17:55
Miell Miell,5,oky,2025-07-30 01:07:35
Indra Andrian,5,ok,2025-07-30 01:03:29
Bohim j,5,mantap,2025-07-30 00:58:34
MUFID HIDAYAT,5,mantap bisa langsung disetujui... makasihh sangat membantu sekali,2025-07-30 00:42:11
Ewien Gho,1,pembohongan publik!!!!,2025-07-30 00:28:35
Agus Suranto,1,pengajuan di tolak trus kok suruh ajak teman untuk pinjam..,2025-07-30 00:21:22
Femby Abel,5,This platform has been improved recently...good please sustain the services,2025-07-30 00:20:58
Diaz Angga,1,ga sesuai iklan......ksh bintang 1 aj. karna d tolak. tolong data d hapus. Karena ga d acc,2025-07-30 00:20:45
Viasta lovers,5,di aplikasi adakami ini sangat cocok untuk yg membutuhkan modal karena bunga rendah dan tone 3 sampai 12 bulan,2025-07-30 00:16:29
Rsky Kaka,5,"Butuh dana cepet buat biaya operasional usaha toko aku, akhirnya ketemu yang cocok di Adakami ini karena teror pendek dan bunga yang rendah.",2025-07-30 00:09:48
Yuni Daniel,3,pinjaman di tolak tolng hpus data saya karna sya tdak prnah meminjam di apikasi ini,2025-07-30 00:09:37
hardian Saputra,5,"Aku lagi bangun usaha furniture dari kayu bekas, dan saat butuh dana tambahan buat beli alat pemotong, aku pakai Adakami buat modal usaha karena mereka kasih pilihan tenor pendek, dan bisa disesuaikan sama arus kas usahaku.",2025-07-30 00:07:45
Natalia Saragi,5,"Waktu lagi butuh dana cepat, daftar di AdaKami mudah banget.",2025-07-30 00:07:35
youre yoiji,5,"Cicilan aku terasa ringan karena ambil tenor pendek, jadi lebih cepat lunas.",2025-07-30 00:05:23
Proyek wika,1,Oke,2025-07-29 23:40:05
Madiayu Ayumadi,1,"maaf saya uninstall, krna takut.",2025-07-29 23:31:54
ivan mahfudi,1,teror nya parah. gak ada etika . telat sehari udah d teror semua media sosial . huhhh Nora. aplikasi Nora. cs nya kurang satengah,2025-07-29 23:23:11
Hilman 445,5,pinjaman terbukti aman dan mudah gampang tembus,2025-07-29 22:51:44
Arif Arif Guesy,5,menghaegai apk ini,2025-07-29 22:39:23
Aka Akid,5,mantap,2025-07-29 22:23:54
bismillah alhamdulillah,5,PINJAMAN YG SANGAT BAGUS CEPAT DAN BERMANFAAT,2025-07-29 22:20:17
Dinda Ariyanti,5,mudah diaccc,2025-07-29 22:12:52
Via Waspia,1,baik,2025-07-29 22:07:09
Danz,5,"Awalnya bingung cari pinjaman buat bayar uang pangkal kuliah adik, tapi setelah baca review orang-orang, aku coba Adakami. Eh bener aja, prosesnya simpel. Sekarang adikku udah masuk kuliah, thanks to Adakami.",2025-07-29 21:49:08
Rakyat Kota Sibolga,5,ok,2025-07-29 21:39:07
Osy Divia,4,ribet poll y,2025-07-29 21:36:39
Juwandy Manurung,4,sipp...,2025-07-29 21:28:01
Wangxian_ 2331,1,ya ampun ganggu bgt iklan ne😵‍💫,2025-07-29 21:24:52
irvan Catur Prasetyo,3,saya di tolak 1 kali dan semoga yang kedua kali di setujui,2025-07-29 21:14:31
Su Hada,3,bpk ibu yang terhormat sy yg bernama suhada mhn data pribadi sy dihapus,2025-07-29 20:57:11
Shirah Refardhan,1,"aku awal dapat limit 2jt,awalnya d kasih saran pinjam 200rb,belum smpai 1 Minggu udah aku lunasin,pas mau minjam yg kedua malah d tolak ngak ngejamin bsa d harapin aplikasi nya",2025-07-29 20:53:59
Faris Silmi,5,ok,2025-07-29 20:43:04
Suda Diyo,2,kenaikan limitnya terlalu kecil,2025-07-29 20:41:17
Kenshin Allail,1,kena juga di bohingn focer ... lucu sekali awal bulan nya tenor ringan pas di coba berbeda dngn awal nya jd yh bnr yg man nih pembyaran nya bos .. tolong jngn tipu2 focer lah,2025-07-29 20:34:39
Ridho Com,4,cukup lumayan bagus,2025-07-29 20:18:00
Dani Wardani,1,"hallo kak, apakah pencairan bisa lewat aplikasi DANA, soalnya rekening saya ke blokir",2025-07-29 20:16:34
Rahman Widodo,5,Mantab semoga di acc,2025-07-29 20:08:52
Waldi Pangkep,5,mantap,2025-07-29 19:59:56
Kukuh Jupiter,4,bgus,2025-07-29 19:43:39
Shadowmaster,5,mantap min gercep banget respon nya,2025-07-29 19:43:30
Pemadam Cilegon,5,mantap dan mudah di mengerti penjelasan nya,2025-07-29 19:16:03
Boedho Atung,5,"proses cepat, cicilan terjangkau... mantab",2025-07-29 19:08:26
Askar Abd muin,1,"dari tahun 2020 aku coba pinjam di aplikasi ini tapi sampai sekarang tiap aku melaku kan pinjaman selalu di tolak,padahal limit pinjaman nya cuma 240 ribu tapi selalu saja di tolak,giliran aku hapus aplikasi nya selalu saja oprator aplikasi nya menghubungi saya suruh meminjam,pas di ajukan pinjaman di lai lagi di tolak",2025-07-29 19:03:41
Andri Yanto,1,alfikasi sampah ini bisa g SMS saya terus saya tidak butuh alfikasi sampah,2025-07-29 19:02:27
Irfan Melinda,5,sangat baik dan respon cpt.,2025-07-29 18:56:48
Jacksen Uciha,1,mau ngasih pinjaman atau cuma mau masuk ke aplikasi kau aja ni udah masuk gak bisa minjam,2025-07-29 18:56:11
Hendrawan Saputra,5,luar biasa proses cepat,2025-07-29 18:45:31
Siti Muhanifatun nisa,5,oke sangat baik,2025-07-29 18:34:16
Ikman S,5,Aplikasi yang sangat tidak di ekomendasikan. Setiap pengajuan selalu di tolak.,2025-07-29 18:30:40
Fitriawati Adira,5,teimakasih. sangat membantu di saat mendesak.,2025-07-29 18:16:03
We are STANERS,1,spam Mulu padahal gak ad tagihan. spam nawarin ini itu ribet luu,2025-07-29 18:11:20
Iskandar Muda,5,proses cepat,2025-07-29 18:06:01
Wawan Resmawan,3,"gimana cara nya klo mau bukti kirim transferan,soal nya saya sudah bayar tapi masih terus di tagih...",2025-07-29 18:03:12
Andi WatyJin,3,belum juga dapat tanggal nya udh nagih klo udh tau nggk bakalan ngutang tpi sya tetap bayar kok jngn nagih dulu la blm juga msuk tempo bru juga 3 hari,2025-07-29 17:52:18
Febriansyah putra,1,lolos cuma 240.000 setiap mau di tarik gagal terus nunggu sebulan udah nunggu gagal lagi suruh nunggu lagi!!!!,2025-07-29 17:48:40
Venny Irawani Hulu,5,"Awalnya coba-coba pake adakami, ternyata tenor pendeknya bikin cicilan nggak berat. Mantap sih!",2025-07-29 17:47:26
Baday 123,5,aplikasi yang sangat membantu bagi yang membutuhkan,2025-07-29 17:19:40
Angga Gompis,1,"saya dapat SMS tapi pengajuan di tolak 😡😡 , Hapus data data saya !!!",2025-07-29 17:19:20
Hedi Hendiandyah,5,kukokbrut,2025-07-29 17:16:39
Yeziviva andesia,1,blm acc pdhal limit sdkit,2025-07-29 17:12:22
purna saputra,5,jos,2025-07-29 17:08:34
Ayu Rahayu,1,aplikasi nipu,2025-07-29 17:07:10
Titi Jayanto,5,oke,2025-07-29 17:01:02
Tribal Daddy,1,Aplikasi bodoh,2025-07-29 16:53:43
andreas vonvon,5,"Nggak nyangka prosesnya secepat ini, approval cepat banget, cuma beberapa jam",2025-07-29 16:52:51
Febri Febri,5,bagus,2025-07-29 16:36:41
asqa16 muniaha,5,keren banget,2025-07-29 16:06:30
Radit Suherman,5,"Pinjam di adakami buat biaya operasional toko kelontong, aku merasa sangat terbantu. Prosesnya simpel dan terpercaya.",2025-07-29 15:47:15
Riza Wijaya,5,sangat membantu tuh,2025-07-29 15:45:00
IRPAN HILMI ABDULAJIS,5,aplikasinya keren,2025-07-29 15:33:57
Satria Sandi,4,cepat,2025-07-29 15:32:50
Wardy Hershal,5,terimakasih,2025-07-29 14:52:54
Zul Kipli,5,membantu,2025-07-29 14:49:08
Oddy Pratama,5,"aplikasi emang okeh, cepet cair dan proses gak ribet , saran saya bagi yg mau mengajukan , pilih tenor nya jangan lama2 karna semakin besar tenor semakin besar bunga , semakin bentar tenor semakin kecil bunga , terima kasih ada kami , sukses selalu dan amanah",2025-07-29 14:39:11
efriady situmeang,3,"masih belum dapat pinjaman,klw sudah cair saya kasih 5 bintang",2025-07-29 14:28:53
Rizal Permadi,5,mantap,2025-07-29 14:28:02
achmad asrori,5,"Alhamdulilah di apps pinjol adakami TDK ada biayah tersembunyi, ... 🤲🙏🙏",2025-07-29 14:18:53
Ratu Ratu,1,udh berapaa kali saya ngajuin ga pernah di acc GGL trs males nyoba nyoba lagi saya biasanya di yg lain ACC trs brppun saya pinjem di acc bayar ga pernah telat tapi disini limit aja gede di acc kagak,2025-07-29 14:15:31
Ayu Puspita,1,tidak guna d beri limit tapi d tolak pdhl tidak ad pinjaman,2025-07-29 13:55:53
Evelyn Grant,5,"Dulu pernah ke booth CS AdaKami di Mall Balekota Tangerang, langsung dibantu sampai selesai. Mantap.",2025-07-29 13:42:39
Muhammad Ismail,5,pertanggal 28 saya sudah tidk ada tanggungan kewajiban lagi dan mau menutup akun /dhapus tetapi tidak bisa,2025-07-29 13:42:13
Rehan Yusup,5,"Saya pinjam di adakami buat beli tambahan stok dagangan, cocok buat modal usaha UMKM.",2025-07-29 13:37:34
Gabriel Dimas,5,"Cepat, aman dan tdk repot",2025-07-29 13:37:23
Andar Nurasa,5,proses cepat,2025-07-29 13:35:43
Annisa Dwi Febrian,5,"Waktu buka kios baru, aku butuh dana tambahan buat bayar sewa, dan aku pakai AdaKami dulu bantu nutupin.",2025-07-29 13:35:43
Mara Stephens,5,"Waktu kepepet bayar biaya kuliah S2, ini jadi solusi sementara yg cepat dan aman.",2025-07-29 13:34:49
Hadi Kusuma,5,Tenor pendek dan fleksibel di adakami bikin saya bisa atur keuangan lebih rapi.,2025-07-29 13:34:29
Maulidyah Aisyah Putri N,5,Ajuin pinjaman di adakami buat modal usaha katering. Alhamdulillah sekarang usahanya makin lancar.,2025-07-29 13:34:07
Ryan Chandra Putra Hermawan,5,Tenor pendek bikin saya lebih disiplin bayar dan cepat bebas utang.,2025-07-29 13:32:00
Clayton Whitaker,5,"Daftar di AdaKami gampang, ga perlu jaminan. Buat modal usaha kecil2an dan cairnya cepat banget",2025-07-29 13:27:56
Even Sawa,5,apk nya sangat bagus sekali.,2025-07-29 13:27:21
narji irawan,5,terima kasih membantu di saat sulit,2025-07-29 13:21:30
mang pea,1,aja gawe rubes,2025-07-29 13:19:08
Jajang indra Fadila,1,dc nya pada tolol. mending jangan pinjem disini.,2025-07-29 13:08:21
Nanda Muhammad Fadilah,5,bagusss bangettt apk nyaa,2025-07-29 13:06:14
Sella Marzelani,5,bagus,2025-07-29 12:59:30
Azmi Rahmadi,4,sangat bagusss,2025-07-29 12:59:09
Arios Putra Muara,1,Lapor ke admin tapi untuk di proses laporan harus dikirim foto selfie dengan ktp. Bahayalah.... blm lg minta rekening korab dan ijazah & kartu kredit. Menyebalkann,2025-07-29 12:23:53
Ali Aja,4,diharapkan tenor agak lama biar kalangan kecil bisa merasakan kenyamanan dan gak terbebani juga. ada dengar pinjol lain selalu teror2 yang mengancam jadi kalangan kecil juga tdak ada ketenangan padahal udah berusaha benar2 makasih ni cuma dari kalangan kecil,2025-07-29 12:21:05
Krishna Gunawan,5,"Waktu anak mau masuk kuliah, kepepet biaya. Untung ada AdaKami, bisa pinjam buat biaya darurat tanpa ribet.",2025-07-29 12:19:52
burdah cell,5,mantaaap,2025-07-29 12:19:28
Sandy Gadangs,5,"Approval cepat, pagi daftar, sore dana udah cair. Nggak pake nunggu lama!",2025-07-29 12:11:40
Kamaria 122,5,min aku udah donlot loh kenapa masih di iklan di hp ku... aku mau belajar loh... tapi di gangguan terus.. jadi jangan ganggu ya...,2025-07-29 12:06:39
Wawan Setiawan,1,jujur aslinya pendaftaran bagus cepat simpel tapi pengajuan susah di kasih 200.000 dicairkan gak bisa katanya limit kredit gak cukup nunggu 1 bulan cara naikan limit kredit ditanya gak tahu jawaban cs monoton banyak review bintang 5 kayak jawaban orang bayaran nyatanya buktikan sendiri berbanding terbalik dengan lapangan,2025-07-29 11:50:15
KristaMo Vie,1,nih data noku kok bisa jadi data kalian ya? dispam trus pula. maksutnya apa ini?,2025-07-29 11:49:11
Acepnuralam Nuralam,5,proses cepat bnget dan tidak lama,2025-07-29 11:36:25
Asdar,5,"saya sengaja kasih bintang 5 biar keliatan di atas, mulai dari tanggal 4 saya uninstall aplikasi ini tolong data data saya di hapus setelah saya hapus aplikasi nya, ini pinjol gada pengertian nya telat 1 hari saja di tenor trus gada berhentinya sedangkan sudah di jelaskan kasih waktu 4 hari Mala marah² gajelas, sebelumnya terima kasih sudah sudah meminjamkan, dan tolong jangan salah gunakan data saya karna saya tidak akan bertanggung jawab.....",2025-07-29 11:35:55
Al Farizqi,1,Aplikasi ngak jelass.. awal2 boleh lah.. padahal sebelum jatuh tempo sudah dilunasi tpi setelah mau pinjam lagi tidak di acc lagi... maksudnya apa..saya loh ngak pernah telat malahan jatuh tempo tanggal 2 agustus saya bayar 29 juni..,2025-07-29 11:28:28
Eneng Nuryana,1,ribet,2025-07-29 11:20:38
Axzyl 2,5,Aplikasi bagus gampang cair,2025-07-29 11:16:20
mjdsflh _,5,mantep,2025-07-29 11:13:26
mar mar,5,"> Halo tim AdaKami, Saya pengguna akun AdaKami dan saat ini memiliki pinjaman sebesar Rp 1.400.000. Saya ingin menyampaikan bahwa saya baru berusia 20 tahun dan belum memiliki pekerjaan tetap. Saat ini saya sedang kesulitan ekonomi, tapi saya berniat penuh untuk tetap bertanggung jawab dan tidak lari dari kewajiban. Saya mohon dengan sangat agar bisa diberikan kebijakan restrukturisasi atau perpanjangan waktu pembayaran, atau kalau memungkinkan, diubah menjadi cicilan ringan. Terima kasih",2025-07-29 11:08:04
Hanif 2250,1,"aplikasi gila aku utang 3 juta di suruh bayar 4,7 lu niat ngutangin atau malak",2025-07-29 11:08:02
Herdi Herdiansyah,5,top,2025-07-29 11:07:03
Sutami Mukallia,5,respon customer service cepat.,2025-07-29 11:05:44
RAMDHAN DWI SAPUTRA,2,"Akhir""ini gak bisa ngajuin",2025-07-29 10:58:19
arief noviantono,1,sedikir kecewa c. saya nasabah lama yg lancar dan sudah lunas. namun mau melakukan pinjaman lag1 gagal suruh nunggu 1 bulan lag1,2025-07-29 10:55:54
dila Monika,3,kasih bintang 3 dulu deh. sohal nya gak tau di acc apah ngak nya,2025-07-29 10:54:12
rani septiani,5,mntap,2025-07-29 10:52:33
Abdur Rasyid,1,"mau melunasi via virtual akun kok tidak bisa, dari livin dan bca mobile",2025-07-29 10:51:08
soedjarwo 93,3,awas jebakan batman,2025-07-29 10:50:18
Riefki Juniar Kurniawan,5,bagus,2025-07-29 10:48:33
Ulfa Posumah,5,mantap,2025-07-29 10:46:20
Dheo Alfasyah,5,sangat membantu,2025-07-29 10:43:17
muis iskandar,5,sangat membantu,2025-07-29 10:36:42
Dea Kelanit,5,"Buat yang males ribet cari pinjaman dari teman atau kerabat kyk aku, bisa coba adakami sih.",2025-07-29 10:26:46
Arfah Damkar,5,mantap👍,2025-07-29 10:26:16
Iswahyudi Febriyatna,1,pertama di ACC pembayaran ga ad keterlambatan pengajian berikutnya malah di tolak....payah,2025-07-29 10:25:50
Astin AgusTri,5,"Sudah 2x pakai adakami, ini lagi pelunasan yg ke 3 hehe",2025-07-29 10:24:56
Mochamad Mahsuni,5,"Aplikasinya ringan, dan prosesnya mudah banget buat daftar.",2025-07-29 10:21:04
Sugih Hidayat,4,ok bagus,2025-07-29 10:20:46
Abdul Rohman,5,mantap sangat membantu,2025-07-29 10:18:13
celsiana pratiwi,5,"tenor pendeknya fleksibel, cocok buat yang nggak mau cicilan lama-lama.",2025-07-29 10:16:38
Putra HD,1,"emang pepeq nih apk . masih h-4 udah ditelpon terus kurang sopan , nyesel dah.",2025-07-29 10:10:16
Nela Rahmawati,1,najis bagt iklan in pinjol ganggu aktivitas kami,2025-07-29 10:06:37
Adara Queensha,5,"Bisnis aku sempet keteteran pas harus bayar listrik dan gaji karyawan. Untung nemu Adakami, langsung bisa pakai untuk biaya operasional usaha. Gak pakai drama, approval cepat, dan aku bisa fokus jalanin bisnis lagi.",2025-07-29 10:00:58
Nama Saya,5,sangat suka dengan dinjaman online puas bangat dengan aplikasi ini karna sangat mudah di gunakan,2025-07-29 09:58:12
Sutarto Sutarto,5,"AdaKami Solusi Keuangan & dana darurat, proses Cepat & enggak ribet, Terima kasih AdaKami.",2025-07-29 09:58:09
Iriani Krisma,5,Terpakai banget pas butuh uang cepat di rs kemarin. Makasih AdaKami!,2025-07-29 09:57:44
Ira Wati,1,ganggu,2025-07-29 09:55:03
alfispengas,3,gud,2025-07-29 09:51:50
Karlina Ulfah,5,sangat bagus dan membantu sekali,2025-07-29 09:36:31
KUSMIARTO MONASANNO,4,"proses super cepat, gas poll",2025-07-29 09:26:55
Deiayun Lunta,5,"udah bagus sih, tapi lebih ditingkatkan lagi pelayanannya, cs nya agak lama balas",2025-07-29 09:24:13
deka vawestri,2,"sebenernya terbantu banget sama apk ini, tapi penagihnya kasar banget, ya memang saya salah telat membayar 1 hari, tapi seharusnya bisa dengan cara baik"", tolong ya lebih bijak lagi terhadap peminjam",2025-07-29 09:23:56
Raizelシ,1,"pinjaman pertama memang gampang, tapi pas sudah lunas saya mau minjam lagi di tolak trs katanya ""kredit skor anda buruk"" padahal saya gk pernah telat bayar dan saya juga tidak ada pinjaman lain di tempat lain tapi kredit skor buruk aneh, nyoba ngajuin trs tapi gagal trs, dah 5x di tolak saya langsung hapus akun nih pinjol gak jelas, uangnya abis kali ya jadinya di tolak trs dengan alesan kredit skor anda buruk",2025-07-29 09:07:22
Supri Yanto,4,sangat bagus,2025-07-29 09:07:04
Rudi Saprudin,1,di tolak,2025-07-29 08:49:56
Nonong Raya,1,tida tertarik,2025-07-29 08:34:36
Jadil Potabuga23,5,sangat membantu cepat dan ngak ribet,2025-07-29 08:33:40
Wanayasa 2310,3,kurang membantu ribet,2025-07-29 08:28:35
Moehar Moeh,5,sangat membantu.dan bisa di percaya,2025-07-29 08:17:19
Supri Yanto,3,kena nggo modal,2025-07-29 08:07:15
Nila Wati,1,buruk,2025-07-29 07:43:05
Argya Reganata,5,cukup membantu dalam kondisi mendesak dan pencairan cepat,2025-07-29 07:42:18
ari setiawan,5,makasih adakami slalu bantu d saat kepepet,2025-07-29 07:26:56
Buat Heppy,5,wah apliaskinya bagus banget,2025-07-29 07:26:52
Alvitra Wahyu,1,"saya coba mengajukan pinjaman di tolak, katanya di suruh coba lagi dua minggu kemudian, setelah dua minggu saya mendapatkan notif bahwa saya harus bayar tagihan sebelum jatuh tempo, belum punya hutang malah di tagih bayar hutang",2025-07-29 07:11:42
Firdaus Corp,1,aplikasi jahanam penipu umat...gda beda sama banj plecit....riba...aplikasi neraka,2025-07-29 07:09:55
Wan Arul,5,terimakasih ada kami .pokonya top markotop ..sangat mmbntu sakali,2025-07-29 06:29:49
Aditya Virgiawan,4,lumayan,2025-07-29 06:21:44
ADITYA,5,terima kasih untuk kebutuhan aman pasti cair,2025-07-29 06:07:40
Satria Budaya Grup,1,illan yg sangat menggangu aktivitas di layar handphone!!,2025-07-29 05:59:08
Mohamad Usman,2,Proses pncairan cpat tp sblum jatuh tmpo tlpon siang mlam bunyi trus dpksa sgra bayr pdhl blm jatuh tmpo..,2025-07-29 05:56:03
Edy Edo,5,oke,2025-07-29 05:37:54
Rayyan Ahmad,5,pelayanan cepat dan tidak ribet.. lebih transparan,2025-07-29 05:16:39
Bahran Jungkal,1,susah pinjam diaplikasi ini selalu gagal dan ditolak,2025-07-29 05:11:37
Alter Renol,1,saya tidak suka iklan ini,2025-07-29 04:58:31
Nandar,5,mantap,2025-07-29 04:26:22
Muhammad Iqbal,1,aplikasi penipuan. jangan pada download soudara,2025-07-29 04:10:05
rahwini ali,1,ini sangat mengganggu saya,2025-07-29 04:04:57
Muhamad Imbrahim la la la,5,di ACC mudahan,2025-07-29 03:41:19
Dani Dan6,5,bagusss,2025-07-29 03:13:41
ara,5,"dana rupiah memang bagus,pencairan cepat tanpa kendala bunga juga rendah, jatuh tempo juga lama",2025-07-29 03:02:15
Iksan Robi,1,aplikasi apaan ini? data pribadi saya masih bagus tapi kok ditolak?,2025-07-29 03:00:04
sadam prima,1,apk buruk tolol,2025-07-29 02:56:56
Ewang Wangs,5,iklan nya..jagan tanpil terus,2025-07-29 02:37:33
Rival ariz,5,terimakasih sudah memberikan pinjaman saya lagi butuh banget terimakasih sekali lagi saya tidak akan mengecewakan ada kami🤲,2025-07-29 02:32:16
Coupet Ucil,1,"pinjaman pertama lunas, kedua-ketiga- di tolak",2025-07-29 02:18:12
Ferry Yulianto,5,semoga pelanggan lama msh di perhatikan,2025-07-29 01:55:27
Qeydez 93,5,Dana rupiah bisa didapat dengan sistem pinjol di apk ini,2025-07-29 01:41:01
Bang Dulloh,1,"aplikasi ko,,,,l iklan ganggu",2025-07-29 00:47:00
Yudi Emon Dreamsweet,5,baik,2025-07-29 00:42:16
Rahmad Fauzi,4,terbaik,2025-07-29 00:34:34
Toha Hasanudin,5,"good ,,sangat membantu",2025-07-29 00:22:18
Jovan Oyeee,5,"Paling Oke, pinjam bolak balik tetap diproses ☺",2025-07-29 00:06:57
Aris Abdul Rohim,5,baik,2025-07-29 00:05:29
asep gucit,5,aplikasi sangat bagus,2025-07-29 00:03:39
erwin prihartono,1,😭⚡💔💔💔💔💔👽💩🎃👺💀🤡👿mengerikan!!!!!!!,2025-07-28 23:51:03
Ilmansyah Maulana,5,bagus,2025-07-28 23:50:51
Tekno Adja,5,sangat membatu..saya baget dan mudah cair,2025-07-28 23:49:27
Azalia Adha,5,mantap,2025-07-28 23:47:05
Egi Susanto,1,jangan percaya ma iklannya.. nyusahin diri aja,2025-07-28 23:39:40
zulham 1982,1,app ngg penting selalu jdi iklan di app yang dibuka,2025-07-28 23:34:51
pengen tau,1,tolak lagi padahal sdh lunas,2025-07-28 23:22:46
Mhmd Raihan,5,👍,2025-07-28 23:16:38
andi ardianto,5,good,2025-07-28 23:12:45
Sun Flower,5,awesome,2025-07-28 23:05:40
Jamesl Koko lomel,5,tolong di proses boss,2025-07-28 22:46:15
Riyan Saputra,1,"jangan download apk penipu, baru masukin nomor aja langsung di spam telpon ,gak jelas",2025-07-28 22:40:41
Agung Sugiantoro,5,bagus,2025-07-28 22:38:18
fitri mahdiyah,1,ati2 apk nipu dan jebakan,2025-07-28 22:37:39
Jahudi Udi,5,trimakasi,2025-07-28 22:36:52
RYW MLF,5,bagus sangat cepat proses.ny,2025-07-28 22:36:01
Kenny Gusu,1,aplikasi anjinggg,2025-07-28 22:32:28
Jaya Dinata,1,"ngasih limit, tp gaak bisa di pake. tutup aja uda",2025-07-28 22:30:08
Gina,1,"Akun adakami buruk, not recomended krna penagih nya SANGAT KASAR! Kontak kontak penting seperti tempat kerja, kuliah di WA in, kalian harus hati hati dan bunga nya sangat BESARR",2025-07-28 22:29:50
Dela ayu Sartika,1,"Saya sudah bilang apk saya dipakai teman saya tapi mereka tidak mendengarkan keluhan saya, telat 4 hari di ancam, gamasalah tapi mereka chat ke pihak kampus saya! itu merugikan saya, PENCEMARAN NAMA BAIK klaukalian yg mau pakai apk ADAKAMI HATI HATI! tidak punya etika, pihak penting seperti tempat kalian kuliah dll akan di wa, ini buruk! pengalaman apk yg SANGAT BURUK! beralih saja ke kredivo banyak disc nya belanja di alfa dpt potongan 50 % bunga nya juga ga besar, apk adakami Bunganya besar.",2025-07-28 22:19:36
Maryam Hazrina,1,iklannya terus menerus muncul. ganggu banget udah di kirim keberatan terus z muncul,2025-07-28 22:14:34
Bokir Ajah,1,kredit skor ta cukup haduh pembayaran gaprnh TELAT. PAS PNGAJUAN GACUKUP APLIKASI ANEH,2025-07-28 22:07:08
Nenden Chota,5,"terima kasih adakami telah membantu k'uangan saya, semoga makin jaya y",2025-07-28 21:58:26
marta prawira,4,pelayanan baik,2025-07-28 21:58:12
Feby Siti Arfiah,5,apl yg bagus,2025-07-28 21:51:18
Edi Sunarto,1,"Tidak sesuai yg di iklankan, sudah berkali kali pengajuan hasilnya sama aja.. zonk",2025-07-28 21:48:22
irsan •geming,5,good,2025-07-28 21:43:15
Dhen Anom,5,Pokonya mantap ketika kita butuh dana utk keperluan usaha bisa membantu..Pokokny is the best,2025-07-28 21:41:35
Al Pin,5,bagus,2025-07-28 21:22:04
Jupri jup,1,aplikasi apa ini udah selesai pengajuan ga ada respon Meding di tolak cuma mau ambil data orang aja ini aplikasi ga kelas,2025-07-28 20:54:17
Ade Nur Nastiar,5,"terimakasih Ada kami, aplikasi sangat membantu👍",2025-07-28 20:53:50
Fiktoria Adu,5,hallo Cs.saat saya masuk tpmko saya diminta masukan no hp lama sedangkan saat ini no itu sdh tidak saya gunakan bahkan no dan kartunya sdh hilang.jd tidak mungkin saya gunakan lagi no iyu..kenapa bukan no hp saya yang skrg yg di pakai utk proses verifikasi ??,2025-07-28 20:43:39
Dimas Adi Nugroho,5,"Adikku pengen banget ikut kursus programming karena dia mau kerja dari rumah. Tapi karena kami dari keluarga pas-pasan, kami bingung biayanya. Aku pakai Adakami, dan alhamdulillah bisa bantu bayarin. Aku pilih tenor pendek biar cepat selesai, dan ternyata bunganya juga sesuai ojk",2025-07-28 20:37:14
Adji Rivai,1,lawak,2025-07-28 20:32:30
Hesti Zzzz,1,"bawel bet, 5 hari sebelum tempo udah di call trus, telat sehari di viralin lewat Tiktok, kocakk WKWK, CS nya bocah semua kah? bahkan udah di bayar pun tetap ngechat ""knp belum melakukan pembayaran sampe sekarang?"" makanya cekk yg bner, kalian kerja di bayar kan aduhhh, maaf bgt yaa ini mah emosi ajaa",2025-07-28 20:25:26
Melati 95,5,Di aplikasi lain pernah di tolak di sini hanya nunggu waktu berapa menit data di setuju akademi memang aplikasi 👍💯,2025-07-28 20:21:21
Bahar Udin,5,Sangat Menarik,2025-07-28 20:20:58
Zidan Fatah,5,mantab,2025-07-28 20:19:57
Satria Iqbal,1,tolong di hapus no telfon saya di aplikasi anda. sya registrasi bukan untuk pinjam cuma penasaran aja sama limitnya. terimakasih.,2025-07-28 20:17:13
reyza oktavian,1,"ini aplikasi kenapa ya?, ngga ngajuin pinjaman tapi di telponin trus setiap menit, padahal cuma daftar aja pke no hp, tapi di telponin trus,nganggu banget, tolong sistem nya di perbaiki lagi.",2025-07-28 20:16:46
Gideon Simanjuntak,1,tim penagih tidak update,2025-07-28 20:12:49
Muna Nurhkmm,3,tiga aja kasih bintang nya limit pinjaman pertama kecil,2025-07-28 20:11:35
iyadd azazazazaza,5,bagus banget apl ini,2025-07-28 20:05:23
Musa,1,"kalo pake ewalet bisa ,kalo mau pinjem g harus pake bank",2025-07-28 19:59:59
Gembil Gla,5,verifikasi sangat cepat,2025-07-28 19:49:06
Zilda Apriliani,1,tolong data² saya dihapus saya tidak pernah meminjam sedikitpun di aplikasi ini..saya instal lgi krna mau nonaktifkan..klok ada yg tiba mengatasnamakn saya meminjam uang brrti dri pihak anda yg menyalahgunakan data saya dan saya akan lapor ke pihak berwajib,2025-07-28 19:46:18
Aslam Baiq,4,sempat beku,2025-07-28 19:40:34
Udin Sunaryo,5,terima kasih banyak banget sangat membantu,2025-07-28 19:37:35
Muhammadludiadha Ludiadha,5,aplikasinya bagus Cocok untuk pinjaman teraman,2025-07-28 19:37:30
Ariefs Kakuja,5,siip,2025-07-28 19:12:40
Andi Susi,1,"Saya sdh uninstall ini aplikasi,,tapi kenapa hampir tiap hari ditlpn terus sangat mengganggu...saya sama skli tidak tertarik pakai aplikasi ini...tenor trllu pendek dan tdk jelas rincian nya,,tdk sesuai dgn iklan.. jadi jangan sebarkan data saya..terima kasih.",2025-07-28 19:00:21
Moh Hamdan,5,Sangat puas,2025-07-28 18:57:41
SMKN 7 GARUT MUHAMMAD YUSUP,1,tolong jangan mengganggu iklan terus pusing,2025-07-28 18:57:05
Sopian Hadi,5,ok terimakasih mohon ACC pinjaman saya dong,2025-07-28 18:38:59
Siska,5,proses daftarnya mudah. cocok buat yang butuh dana cepat,2025-07-28 18:32:15
robi zoaxva,5,"Aku pakai Adakami waktu aku mau ekspansi usaha dropship aku. Biasanya aku main aman di stok kecil, tapi Adakami bantu aku berani ambil stok lebih banyak. Karena cairnya cepat dan tenor pendek, aku bisa muter uang lebih cepat juga. Sekarang omzetku naik dua kali lipat!",2025-07-28 18:29:02
Rika Yuningsih,5,terima kasih,2025-07-28 18:28:51
Sudar Man,2,di tolak mulu,2025-07-28 18:27:47
Zarkasih Bjm,5,Very good good,2025-07-28 18:25:41
Yanuar Diwi,5,"Anakku pengen kuliah di luar kota, dan biaya awalnya besar. Dengan Adakami, aku bisa bantu dia mulai kuliah tepat waktu. Aku suka sistemnya karena gak ribet dan daftar mudah.",2025-07-28 18:21:43
Ramli Fairus,5,sangat membantu dan cepat cair nya,2025-07-28 18:17:31
oyong chanel,5,terimakasih AdaKami😍,2025-07-28 17:52:04
Irayad zulfukar syahrufi,5,Lumayan aku bisa minjam uwang,2025-07-28 17:48:03
Velia Wuisang,1,males banget iklan ini teruss,2025-07-28 17:47:10
albert momot,5,good,2025-07-28 17:36:02
Yudhan Nugraha,1,"Aplikasi Scam, 4 tahun setelah pelunasan, giliran login lagi dapat limit 4.6, tkb 90%. giliran diajuin malah ga bisa harus cek limit lagi, setelah cek limit. Limit langsung 0 dan tkb ? Aplikasi kocaaaakkk.. cuma Scam doank",2025-07-28 17:34:17
Febriyansyah,1,limit RENDAH,2025-07-28 17:30:38
Iche Trisnawati,1,mengganggu saja iklan selalu ada,2025-07-28 17:30:34
Utuh Kudak,5,baik,2025-07-28 17:29:24
Ayca Cahyani,4,Maaf ya mulai hari ini per tanggal 28 juli saya sudah tutup akun saya di apk adakami karena pinjaman saya tidak lolos dan mohon untuk data saya segera dihapus 🙏 jika ada telpon spam yg masuk dan mengganggu saya akan minta pertanggung jawaban karena saya tidak ada meminjam di apk ini. terimakasih mohon kerja samanya.,2025-07-28 17:19:43
Muh Hanif Amru,1,"plssss jan spam telpon gw,, gw gak jadi minjemmm woeeeee anjeengg lahh😭😭",2025-07-28 17:16:26
Yohana,5,mantap aplikasi nya,2025-07-28 17:07:15
Heri Yadi,1,"Sangat Lucu.. setiap Iklannya Se Olah Membawa Orang Untuk Ikut.. Kerja Tuh Yg Bener Ya Mas.. bukan apa"" aplikasi Pinjaman Online manapun Ttp Ujung""nya Membuat Orang / Masyarakat Ikut Miskin... yg Coment Baik Itu adalah Pegawai Anda...",2025-07-28 16:58:34
deri wati,1,"mulai hari per tgl 28-7-2025 saya menguninstal apl ini dan tidak jadi meminjam, jika data2 saya disalahgunakan akan saya laporkan pada pihak berwajib , catatan ini sebagai bukti saya",2025-07-28 16:58:10
Husen Rumatiga,5,aplikasi sangat keren dan mudah untuk digunakan,2025-07-28 16:47:57
Peri Musliadi,5,sangat membantu saat dibutuhkan,2025-07-28 16:43:03
Dika Dermawan,5,Profesional mantap,2025-07-28 16:27:15
Khaizul maali,5,adakami jaya,2025-07-28 16:11:55
Kartina Kims,2,ya saya mengertj,2025-07-28 16:11:01
Rose Rulistia gensi,1,iklan bdh lol,2025-07-28 16:10:03
Advi Anto,5,sangat membantu,2025-07-28 15:46:28
Helma Wati,1,kecewa,2025-07-28 15:35:13
Suti Rahmat,5,"sangat mudah di proses,,,😂👍",2025-07-28 15:26:49
guntur buana,5,mantap,2025-07-28 15:14:09
Apsa Saleng,5,Mantap sekali membantuku,2025-07-28 15:14:09
Pacce Andy,5,terbaik🔥🙏,2025-07-28 15:12:01
Iwayan Arimbawa,1,jangan ganggu hp bikin error,2025-07-28 15:03:57
Deme Trius,5,sangat bagus,2025-07-28 14:58:35
Suhaimi Imi,5,sangat puas cepat cair layanan ramah terimakasih ada kami,2025-07-28 14:49:35
Evhan Nabawi,5,trimakasih sudah di ACC,2025-07-28 14:49:04
junaedi farhan,1,ganggu aja iklan...,2025-07-28 14:42:34
Sejin Huang,5,semoga bermanfaat dan cukup membantu,2025-07-28 14:34:16
aulia awaludin,1,iklan ini sangat mengganggu,2025-07-28 14:30:10
RIYO SASTRO BINOTO,5,Sangat di rekomendasikan jika anda butuh pinjaman uang,2025-07-28 14:27:09
Susi Suprianti,5,Baik & Sopan,2025-07-28 14:25:17
Assad Jibriel Alfath,5,pengajuan gampang sangat membantu buat tambah modal usaha,2025-07-28 14:21:16
Mochtar Gipsy,1,"Aku Ralat dari sebelumnya,,Baru sehari berjalan saya miinjam langsung aku bayar,,Sekarang mau lanjut lagi Alasannya di tunda tunda ke bulan berikutnya,Ribet menunggu",2025-07-28 13:59:54
Muyono,5,"cepet di adakami mah, KLO di tempat lain lama disetujuin, dsini mah percaya n langsung di acc",2025-07-28 13:46:08
pristy eva,1,aplikasi guoblok!?! kalo emang gak bisa pinjem karna score kredit jelek ngapain di setujuin dan di kasih limit. tolol!,2025-07-28 13:39:59
Febri Darmaya rasida,5,"apk nya cocok banget buat kita yg lagi kepepet,dan bunganya juga lebih sedikit",2025-07-28 13:38:28
Ramdhani Dhani,1,tidak sesuai si iklannya bunga terlalu tinggi,2025-07-28 13:12:04
uus Vydita,5,berjalan lancar,2025-07-28 12:57:46
Wanto Onee,5,semoga proses cepat,2025-07-28 12:52:30
AHMAD SOTONG,5,cukup cepat pencairannya,2025-07-28 12:43:43
Panji 02,1,sama juga dengan aplikasi lain..iming iming limit besar..suruh isi data pribadi..ee terus ditolak pengajuan pinjamannya...,2025-07-28 12:43:33
Nickrobinsasela Robin,5,sangat bagus,2025-07-28 12:37:25
ign agung,5,memuaskan,2025-07-28 12:23:17
Stevintamvan 01,5,"Aku pakai Adakami waktu butuh bayar uang semester kakak yang kuliah di luar kota. Gak sempet mikir panjang karena prosesnya cepat, dan dananya cair dalam sehari. Tenor pendek juga, jadi bisa cepat lunas tanpa beban.",2025-07-28 12:15:04
Khilya Auliya,5,Modal usaha buat dagang online saya sekarang stabil berkat pinjaman dari AdaKami.,2025-07-28 12:14:41
Tameka Green,5,Urusan biaya operasional usaha jadi lebih ringan karena ada bantuan dari adakami.,2025-07-28 12:14:07
Jangar Kotek,5,aplikasi pinjam uang,2025-07-28 12:03:48
Muhammad Iqball33,5,mantapp goodd langsung di acc,2025-07-28 12:00:07
cr7ikhwan tea,5,praktis dan cepat,2025-07-28 11:54:42
Michael,1,limit kecil banget,2025-07-28 11:44:04
lani saputra,1,aplikasi apa ini udah di teransfer tapi gak masuk padahal saldo sudah terpotong,2025-07-28 11:40:55
Rohmat Rohmat,5,rekomedasi pinjol yg bisa mambantu disaat darurat,2025-07-28 11:39:44
Irfa Rizki,1,tiba tiba banget di ancem sama orang yang di kenal mengatasnamakan aplikasi apk ini,2025-07-28 11:30:40
Khayzatul Maula putri,5,good,2025-07-28 11:22:15
Ary Nc,1,"Aplikasi system sampah!!! Udah 2 bulan saya nunggu tetap di tolak, masih di suruh nunggu 1 bulan lagi? Mending saya hapus aplikasinya. Cair receh ribetnya minta ampun, jangan download apliksi inj ngeseli, ngecewain",2025-07-28 11:19:53
Merry Lumi,5,terima kasih sufah membantu pinjaman dana pendidikan anak kami,2025-07-28 10:52:33
Yong Can,2,saya mengajukan tidak pernah di ACC,2025-07-28 10:31:33
Nur Khairunna,5,apk nya bagus dan cairinnya cepat,2025-07-28 10:28:16
Jariya widi,5,"Tenor pendek sangat cocok buat karyawan, jadi gak memberatkan keuangan bulanan.",2025-07-28 10:23:01
aleyaa,5,"Kemarin pas mau buka warung kecil, aku pakai pinjaman dari adakami sebagai modal usaha awal. Sekarang usahaku lancar dan masih suka pinjam untuk nambah2 modal lagi.",2025-07-28 10:19:46
AplesZaidv2714,5,"Daftar mudah, pengajuan dan cairnya cepat. Adakami cukup ngebantu untuk darurat2.",2025-07-28 10:19:06
Misfaat,5,aplikasi sangat membantu sekali,2025-07-28 10:14:25
antonn alexx29,4,keren sekali,2025-07-28 10:11:30
Aprilia Tambunan,5,good app,2025-07-28 10:04:59
Adison Tarigan,5,mntap,2025-07-28 09:54:08
Rahmad Jw,5,mantap sangat membantu,2025-07-28 09:50:03
Eko Yulianto,1,"aplikasi macam apa ini,mau pinjam saja sulit lalu apa syaratnya padahal sudah pasti dapat gaji bulanan.sudah tutup saja aplikasi ini tak berguna",2025-07-28 09:38:51
Amir rare clature Skt,1,Belum di kasih limit,2025-07-28 09:33:50
Wans “Prabu” Beguzarcorel,4,coba 4 bintang dulu kalau mudah ku kasih 10 bintang,2025-07-28 09:33:10
SUNANDAR 97,1,"gedek banget sama apk ini, suka tbtb kedownload garagara iklannya lewat mulu",2025-07-28 09:21:03
Mohammad Ibrahim Syah,5,terima kasih ada kami,2025-07-28 09:19:38
Novia Utari,5,"hay kak, Tagihan saya sudah lunas. tapi mau mengajukan kembali, kenepa ngak bisa ya... terimakasih",2025-07-28 09:12:07
Irfandi Kristiawan,1,"aku instal cuma biar bisa ngasih tau kalok iklan mu sungguh mengganggu, bangs.",2025-07-28 09:09:18
011 I Ketut Aditya Dharma,4,lumayan lah,2025-07-28 09:05:07
Yenni Murbawani,5,cukup cepat dalam penanganan nya,2025-07-28 08:51:26
Era Wati,5,prosesnya cepat,2025-07-28 08:43:35
S Ful,1,"kalau mau menagih suruh orang yang punya tatakrama, cuman telat sehari itu juga gk disengaja cara penagihannya kaya bukan orang. sorry lunas pinjaman saya uninstall langsung, TERIMA KASIH",2025-07-28 08:34:59
welita buulolo,5,mantap,2025-07-28 08:28:43
Bambang Sulistyo,1,Banyak Iklan,2025-07-28 08:27:52
ranita mulyani adang,5,alhamdullilah sangat membantu disaat2 sulit,2025-07-28 08:12:55
Taher Btc,5,"bagus, cepat banget cair tanpa potongan 👍🏻🙏🏻 cuman per 15 hr sih, tidak per 30 hr😭 🙏🏻 terimakasih",2025-07-28 08:06:34
Yuni Astuti,4,"PD tgl 28 juli 2025 aplikasi ini saya uninstall dan tidak ada pinjaman yang berjalan,, tolong jg data saya dan jgn disalah gunakan,,bila disalah gunakan akan saya laporkan ke pihak berwajib,, terima kasih",2025-07-28 07:31:48
Alfredo Saputra,1,limit nya cuman 200rb kecil jauh dr iklan. bohong,2025-07-28 07:30:31
Christian s Katuuk,1,"bunga terlalu besar,pinjam 3 jt, jadi 5 jt",2025-07-28 07:20:39
Hanan Tyo,5,good pinjol,2025-07-28 07:01:14
Chandra Nifu,3,cukup baik,2025-07-28 06:33:52
Tita Rasydik,1,menaganggy ajig,2025-07-28 06:33:39
tar tar,5,good,2025-07-28 05:48:26
Sohin,5,mudah 2 jadi milik dan amal ibadah success sllu,2025-07-28 05:41:04
Hamdi adnan,5,good,2025-07-28 05:05:08
Ilham Baim,1,riba,2025-07-28 04:58:00
Nico Pratama,5,mantap bangett,2025-07-28 04:48:40
Sri Utami,5,sangat membantu aplikasi adakami terimakasih,2025-07-28 03:25:32
Orang Bodoh,5,aplikasi nya sangat membantu,2025-07-28 02:39:42
Endro Widnayanto,1,Saya tidak suka iklan nya. Menggagu sabat Bukatan Aplikasinya Main,2025-07-28 02:38:40
Imron rosyadi Wijaya,5,semoga aja Bisa di Acc,2025-07-28 02:34:27
Icikiwirrr lolok,1,TIDAK DAPAT MEMINJAM DIKARENAKAN LIMIT TIDAK SESUAI ANEH ADA LIMIT SESUAI TPI TIDAK DPT MENGAJUKAN PINJAMAN EROR!! HAPUS DATA SAYA ATAS NAMA M AKTAR BISRI.. MAU NGAJUIN PINJAMAN KECIL AJA TIDAK BISA APALAGI BESAR,2025-07-28 02:16:30
Radhitya Dani Pratama,4,"ckup mmbantu, pmbayaranya aja aga susah",2025-07-28 02:14:47
rudi raharja,5,good,2025-07-28 01:51:03
fidia amalia,1,pengganggu.,2025-07-28 01:39:34
Agus Mauludin,5,bagus,2025-07-28 01:26:40
SUARA DIRI,1,"jangan down load,banyak no baru yg teror km klo telat dikit. sy pribadi menyesal sekali coba2. data2 mu dr gogel di retas. di intimidasi,di ancam. jgn download klo gak mau menyesal.",2025-07-28 01:20:12
bello angga,4,coba dulu yq,2025-07-28 01:17:12
Abdul Zakaria,5,mantuap,2025-07-28 01:08:23
opik gntnk,3,ok,2025-07-28 00:51:34
Siska,5,mudah pencairan y,2025-07-28 00:47:15
cannn,1,sangat buruk,2025-07-28 00:22:08
Ferdi Fhee,1,"Apk ini jangan di instal ad anggota nya menipu kacau kali, di suruh nya TF ulang ke dia tapi cicilan kita gak di hapus nya kacau pokoknya mau gimna pun gamau saya bayar nya anggota nya penipu semua. Disuruh TF ulang ke anggota nya truss di imingi bunga nya terlalu besar dan akan di kecilkan oleh mereka, dan di bilang akan menaikan limit setelah di kirim ulang dana nya, kacau pokok nya buat kalian jangan sampai pinjam disini apk nya ga bagus pokoknya.",2025-07-28 00:15:19
Aditya Prayoga,5,"CS di Mall Balekota Tangerang sangat membantu aku kemarin. Mereka bantu soal keluhan pinjaman aku, makasih",2025-07-28 00:11:07
8A20 MOCHAMMAD ALI GUFRON,5,"usaha jadi lancar setelah dapat pinjaman dari AdaKami, kemarin ada yg pesan orderan banyak tapi aku ga ada uang.. jadi cari modal tambahan deh.",2025-07-28 00:10:39
Maria Catrina,5,Cocok buat pemilik usaha kecil awal2 yang butuh modal usaha tanpa ribet dan cepat cair.,2025-07-28 00:09:08
Fitria Wulans,5,"Aku udah coba beberapa aplikasi pinjaman, tapi AdaKami jadi favorit karena prosesnya cepat, aman, dan yang paling penting tenor pendeknya bikin cicilan cepat lunas!",2025-07-28 00:09:05
Cek Win phone,5,aplikasi yang sangat bermanfaat,2025-07-28 00:07:51
Da Rmdn,5,ok,2025-07-28 00:01:46
fadlan maulana,5,sangat membantu sekali,2025-07-27 23:54:44
Selina Chan,1,"Plis deh jangan sampe ni apk nagih ke saya, krn sya sendiri abis kena tipu ama org yang modus jdi kurir j&t mengatas namakan pengembalian dana krn paket sy kta dia rusak, bodohnya saya percaya percaya aja malah ngasi verifikasi lewat KTP sy, pdhl login nya aja pake nomor nya si penipu itu, salahnya sy mlh g sadar klo bkal ky gni, sadar nya pas skrg",2025-07-27 23:53:52
Moe-Tan,5,"Makasih Banget,Saya jadi bisa makan dan minum",2025-07-27 23:23:42
Elih Ermawati,5,Aplikasi ini adalah Aplikasi pinjaman terbaik sya sangat senang bisa mendapat pinjaman dengan syarat yg mudah,2025-07-27 21:56:33
Erna Na,5,sangat bagus,2025-07-27 21:52:56
Aisyah Aisyah,5,baik,2025-07-27 21:34:02
Rachel Porter,5,BAGUS,2025-07-27 21:13:37
Kuswanto Kazoen,4,"sebenarnya bagus, tapi sayang pengajuan saya di tolak percumah aku SDH memasukan data capek2,padahal lagi butuh2nya",2025-07-27 21:12:58
muh suratman,4,cepat cair,2025-07-27 21:11:10
Zayy Ashter,5,great,2025-07-27 21:05:53
Hero Manalu,5,sangat membantu,2025-07-27 21:01:19
Fredian Aldi Pramana,5,bagus,2025-07-27 20:54:15
Lina Meuraxa,1,mohon maaf saya tidak jdi mengajukan dikarenakan limit nya sangat rendah dan mohon data saya di hapus dan tidak di salah gunakan 🙏,2025-07-27 20:44:30
Kodir Official,4,keren,2025-07-27 20:39:15
Yazid Nasrullah,5,bagusss,2025-07-27 20:34:18
Muhammad Hanafi,1,PHP kebanyakan drama,2025-07-27 20:19:01
Yudhi Stira,5,bagus bangt,2025-07-27 20:04:10
Dandi Ramdani,5,terimakasih,2025-07-27 19:58:32
Dedri Manemi,2,kurang bermanfaat setelah pelunasan tidak bisa pengajuan lagi,2025-07-27 19:57:55
Mila Safitri,1,aplikasi babi,2025-07-27 19:57:02
Pitri Yono,5,mantap,2025-07-27 19:46:53
Apis TT,5,"cepat dan tidak bertele tele, mantap",2025-07-27 19:45:24
Adit Icol,1,banyak iklannya,2025-07-27 19:35:07
Anessayusuf Permana,5,mantap,2025-07-27 19:33:46
Sikembar Bungsu,1,Aplikasi AdaKami... AdaKami siap mengiming² pinjaman besar... AdaKami yang siap menolakan pengajuan paling cepat... aplikasi cuman pengen cari ranting bagus doang.!! 🤣🤣,2025-07-27 19:05:39
Thia,5,cukup membantu,2025-07-27 18:57:27
Wulan Dari,5,"membantu sekali, karna setoran nya bulanan 🤗 terima kasih adakami 🤗",2025-07-27 18:50:47
ARJUNA AL PUTRA,5,sanagat tertolong trimakasih,2025-07-27 18:50:16
Muhamad Adam,1,"Parah si apk ini bisa bisa nya ktp org verifikasi wajah bukan wajah asli aja bisa lolos gitu, gapernah daftar ada kami sebelum nyaa tpi pas mau nyoba daftar ktp udh terdafar duluan sama yg lain, aplikasi yg sangat ga terpercaya si parah",2025-07-27 18:38:42
Rina Agustina,1,kenapa sih iklan masuk aja ngak di pijit juga masuk,2025-07-27 18:33:33
Ine Prasetyaningtias,3,semoga limit nya bisa semakin naik,2025-07-27 18:23:56
Zimmi Charter,4,mantap,2025-07-27 18:20:06
Elpina Esan Rahu,5,"limitnya tinggi, mudah melakukan verifikasi",2025-07-27 18:15:12
insan kori,5,pelayanan yg baik,2025-07-27 17:55:16
Al Dy,5,mantap,2025-07-27 17:41:12
Suyitno Saputra22,5,baik,2025-07-27 17:32:14
Khairul Abdi,5,bagus sangat membantu,2025-07-27 17:15:33
Aisyahfikar Zyan,5,amanah pinjol nya,2025-07-27 17:01:11
Indah putri adellia,1,"jangan download, apk penipu lu udah daftar pake data valid tapi ga dikasih pinjaman, dengan alasan skor kredit rendah, gimana mau naikin kredit skor kalo pinjaman pertama aja di tolak",2025-07-27 16:45:22
William Fasha,1,iklan anjj,2025-07-27 16:39:43
Juanda Juanda,5,memang membantu aplikasi ni,2025-07-27 16:33:40
Ikik channel,5,good,2025-07-27 16:23:52
bang sihombing,1,gk jelas,2025-07-27 16:21:07
Yusuf,5,"ane baru coba dan lagi nunggu pencairan dana, pendftaran mudah dan cepat",2025-07-27 16:06:38
Celine 14,5,aplikasi bekerja dengan normal wajib di instal,2025-07-27 15:56:20
Rico Simandalahi,5,makasih adakami saya dikasih limit,2025-07-27 15:51:40
Jeffry Kambuno,5,very easy to borrow and pay,2025-07-27 15:49:34
Khenzo Moto vloger,5,mantul banget,2025-07-27 15:30:48
Aisyah Putri,5,perlu uang capat pasbngat adakmi langsung cair,2025-07-27 15:29:05
Tegar_ alfrnsyh,5,terima kasih.. ADAKAMI anda sangat membantu,2025-07-27 15:22:17
Jon Simatupang,5,ok,2025-07-27 15:05:59
Ani Niah,5,ok,2025-07-27 14:57:03
Susyanto Susyanto,5,prosesnya mudah..,2025-07-27 14:56:52
Iam Mahmud,5,mantapppp apk mudahhh,2025-07-27 14:54:56
Yoga Angkara,1,baik,2025-07-27 14:30:52
Azty Greynd,5,sangat menarik aplikasinya,2025-07-27 14:29:48
Kinkin Kinay,5,bagus banget,2025-07-27 14:24:21
Mhmd Mulyadi,5,bagus sekalii,2025-07-27 14:16:24
fitri solihat,4,sangat membantu sekali,2025-07-27 14:12:20
Rita Ariati,5,sejak mengenal ada.kami kehidupan ku sumiringah ..alhamdulilah,2025-07-27 14:08:26
Arrico Sakti,1,"buruk, sering instal sendiri",2025-07-27 13:53:23
indra Diansen,1,iklan lu ganggu lagi nonton drama Chinese,2025-07-27 13:45:42
M BAYU SUJARMAN,5,ok,2025-07-27 13:42:27
Indah Widianto,5,sangat memuaskan,2025-07-27 13:33:15
Muh Fahry,5,"wow, aplikasi pinjam online ini sangat bagus dan terpercaya",2025-07-27 13:30:12
Ahmad Yamani,5,mantap,2025-07-27 13:29:16
Agustian Channel,3,"lumayan cepat prosesnya, saya kasih 3 bintang dulu klo pelayanan baik saya tambah bintang",2025-07-27 13:25:00
Pippa Bacaratte,5,hanya orang2 ngerti aja deh...pokoknya aplikasinya cukup keren...👍,2025-07-27 13:22:51
Kurniawan Rully,5,cepat,2025-07-27 13:22:20
Ahmad Hoeru,5,mantap,2025-07-27 13:20:20
Fanba Sony f,5,baik sangat membatu.. tksh. Jaya selalu,2025-07-27 13:15:55
Susi Komalasari,1,ga bisa hapus data...tolong d jaga ya,2025-07-27 13:14:37
mulyanibudi cahyanti,5,sangat membantu,2025-07-27 13:13:49
Degell 11,1,buruk,2025-07-27 12:49:36
CINDERELLA NINJA,5,"Tolong bantu saya. Karena saya sudah ditipu sama org yg mengaku-ngaku dari pihak Shopee Security lalu diarahkan ke aplikasi AdaKami untuk melakukan aktivasi dana pinjam, sehingga mereka berhasil membobol dana pinjam dari AdaKami ke rekening virtual account miliknya sendiri menggunakan data pribadi saya dan mengakibatkan saya yg akan menanggung tagihan pencairan tersebut sedangkan saya tidak melakukan pencairan itu 😭😭😭😭",2025-07-27 12:38:36
Ade Kusuma,1,belum berhasil pinjaman nya kalau berhasil kasih bintang 5,2025-07-27 12:26:15
DA ricta,1,iklannya muncul terus asuuuuu banget,2025-07-27 12:17:53
Sabila Nurjannah,5,apa aja syarat nya,2025-07-27 12:15:22
Yosy Hermawan,3,Apabila lolos rate 5,2025-07-27 11:54:45
Salmi X Joko,1,muncul iklan terus di hp,2025-07-27 11:49:16
Asep Saepudin,5,mantap,2025-07-27 11:41:48
Medan Pancur,1,"sebelum pencairan aku pinjam 2 jt di bayar perbulannya 222,234 ribu sesudah pencarian lain lg jadi 356.433 jangan bikin orang tergiur ya klw ujung "" nya nguras orang jgk",2025-07-27 11:37:42
jembotkecelopsanten menawilupotnyuwonngapunten,5,app nya sangat membantu,2025-07-27 11:37:09
Anan Fadilah Yusuf,5,keren,2025-07-27 11:36:23
Datvi Aja,1,padahal baru lewat 6 hari udah mau bocorin data,2025-07-27 11:31:47
Albi Arsenio,1,aplikasi sangat buruk!,2025-07-27 11:31:25
oktana deni,5,"mantap , berhasil cair dalam 10 menit",2025-07-27 11:23:48
Eka NV,1,"tidak sopan, tidak beretika.",2025-07-27 11:20:44
Anda Saswita,5,lebih baik lagi pelayanan kedepannya,2025-07-27 11:07:12
Mufidah Fida,5,"Yang aku suka dari Adakami itu bukan cuma approval cepat, tapi juga tenor-nya pendek, jadi cocok buat kebutuhan jangka pendek yang hasilnya jangka panjang!",2025-07-27 11:05:06
Ika Anggreyni,3,mudah dan cepat,2025-07-27 10:55:24
MUH. AMIN PRIYADI,5,top,2025-07-27 10:55:24
Hikmah Sahara,1,konten mengganggu 100%,2025-07-27 10:39:24
Ayah Sultan,5,acc,2025-07-27 10:38:41
A Mei,1,iklannya ganggu bangettt ini lagian apa manfaatnya ajk2 dr iklan?,2025-07-27 10:34:31
DITZZ GAMING,5,bagus,2025-07-27 10:14:41
Sukmaoyo,4,sangat baik,2025-07-27 10:10:27
Fauzan Alfurqon,5,sangat bagus sekali untuk aplikasinya,2025-07-27 10:05:54
BAYU FAHMI,1,"ini apk gimana sih, padahal saya masih belum pernah pinjam sebelumnya,tapi pada saat saya mau pinjam kok g bisa alasannya ada cicilannya yg masih belum lunas padahal saya masih belum pernah pinjam sebelumnya. Gajelas ni apk",2025-07-27 09:55:26
Rian Maulana,5,aplikasi aman terjamin dan pinjaman cepat cair,2025-07-27 09:53:03
Sirna Waluya,5,bagus,2025-07-27 09:48:12
Sidiq Permana,2,prosesnya lama banget,2025-07-27 09:42:42
Hartito Tito,5,"boleh juga, semoga kedepan limit busa puluhan juta",2025-07-27 09:32:07
Rifa channel Official,5,bgus,2025-07-27 09:31:04
Ria Marbun,5,pinjaman baik,2025-07-27 09:29:52
Gerhana Ajj,5,bagus,2025-07-27 09:29:23
Almaghvira Nurhasanah,5,Saya pilih tenor pendek biar cepat lunas dan gak berlarut-larut utangnya.,2025-07-27 09:29:16
Ipan jokie,4,untuk pencairannya tolong di percepat,2025-07-27 09:17:38
Daeng Pasolle,1,"giliran sudah pelunasan sebelum waktu yg di tentukan , pas mau ngajuin pinjaman lagi langsung di tolak , ada ada saja",2025-07-27 09:11:56
azizel ganteng,5,Aplikasinya sangat bagus,2025-07-27 09:01:58
Ozy Amox,5,sat set cepet mudah ringan membantu,2025-07-27 08:56:32
Anak Muda,5,"rekomendasi ,, real proses cepat, bunga ringan.. mantapp",2025-07-27 08:55:46
ari chameleon,1,baru telat sekali aja ...pengajuan berikutnya di tolak terus ...padahal cuma pengajuan 200K ....pengajuan limit paling bawah .....,2025-07-27 08:53:51
Helly Official,1,jelek,2025-07-27 08:31:19
Yahya Jakaria,5,sangat membantu ...thanks,2025-07-27 08:20:03
Nana Sumarna,5,sukses selalu,2025-07-27 08:12:22
Wahyuni Sri,3,kecewa baru pengajuan lngsng d tolak,2025-07-27 07:59:43
Yuni Sarini,2,SMG menjadi amanah surat² kamu terjaga,2025-07-27 07:55:04
Pe R,5,proses sangat cepat dan kredit easy,2025-07-27 07:48:44
Azrul Qurbany,5,membantu,2025-07-27 07:42:13
Agus Adji,5,"mudah,cepat dan terpercaya",2025-07-27 07:29:28
tut iso-sawitri,5,prosesnyaa lama skli saya ajukan dri jumat smpe skrg minggu blm cair juga.. pdhl iklannya blg cepat cair..,2025-07-27 07:02:44
tukang embargo,1,saya tidak ACC di app ini dan jika ada tagihan bukan saya karena sudah saya hapus di tanggal 27 juli 2025,2025-07-27 07:01:21
Hasrul Anchu,5,good,2025-07-27 06:51:41
Santria Kanjut,5,bagus,2025-07-27 06:22:11
Wizard Storm TV,1,"cara nagih tidak sopan, kasar, dan berulang seharian, dan lebih parahnya waktu sudah dilunasi masih tetap ditagih menggunakan bahasa kasar, koordinasi sama pihak ketiga sebagai penagihnya jelek 👎🏻 parah",2025-07-27 05:37:57
Muhammad Aqill betria,5,good,2025-07-27 04:56:46
Bumi Raya,5,good,2025-07-27 04:56:26
Umar Tukimin,1,jagan mau jadi budak pinjol,2025-07-27 04:51:58
Erlangga Fadilah,5,bagus,2025-07-27 04:45:48
Sukanti Spd,5,terimakasih atas nama Sukanti,2025-07-27 04:31:25
Cendy Afriliya,5,bagus,2025-07-27 04:26:36
Anik 001,5,cepat cair,2025-07-27 03:51:53
Albi Gantu,5,"klu bisa data"" saya hapus yya karena limit gua ngk keluar jdi mohon data saya hps🙏🏻",2025-07-27 03:19:59
Emir Harun,5,manatap membantu banget,2025-07-27 03:16:58
Taura Bima Nugraha Manoppo,5,nice,2025-07-27 03:12:05
Asep Muhammad,1,"tidak pernah acc ,tdk sesusai iklan",2025-07-27 02:57:19
Rehan,5,saya sangat puas.. mudah proses cepat,2025-07-27 02:42:42
Sobar Cs,5,kredit easy,2025-07-27 02:25:23
Genjiah Oriazawa,3,"pengajuan tidak di acc, mohon kerja samanya untuk tidak menyalahgunakan data2 saya, saya telah menonaktifkan/mengahpus akun dan menguninstal 27/Juli/2025, jika sesuatu terjadi diluar kendali saya, saya tidak bertanggung jawab, terimakasih.",2025-07-27 01:46:00
Yuba Creator,1,gara gars download game ikan iklan pinjol terus 😈😈,2025-07-27 01:40:33
Ilyas Ilham,5,"adakami sangatlah bagus dan benar"" bisa menolong kita .. ketika kita benar"" butuh uang secara mendadak .. semoga adakami semakin sukses bisa lebih memberikan tenor lama limit banyak dan bunga yang relatif rendah",2025-07-27 01:39:46
Yakobus Arroi,1,"ngapa si maksa buat download apk ini selalu muncul, woiiiii apk lol ganggu mood aku aja selalu datang",2025-07-27 01:35:30
Papa Aleesya,5,"mantab, cukup membantu",2025-07-27 01:31:59
-Kanzzz CEESS-,5,"Saya sangat puas dengan layanan Adapundi. Bunga yang mereka tawarkan sangat rendah, yang membuat pinjaman lebih terjangkau. Selain itu, mereka menyediakan tenor pinjaman yang panjang, yang memberi saya lebih banyak waktu untuk melunasi pinjaman.",2025-07-27 01:16:54
M Arifin Siregar,5,baik,2025-07-27 01:15:27
Murad Ganteng,5,Mantap,2025-07-27 01:07:56
Santo So,5,sangat bagus,2025-07-27 01:00:59
Cole Logan,5,"Aku ambil pinjaman Adakami buat kursus digital marketing. Biarpun bayarannya per bulan, aku pilih tenor pendek supaya cepat lunas. Jadi bisa fokus bangun karier, bukan mikirin cicilan panjang.",2025-07-27 00:14:01
Rio erlangga Saputra,5,"Aku sempat ke booth CS Adakami di Mall Balekota Tangerang, dan mereka jelas banget ngejelasin tentang proses dan keamanan data. Baru kali ini ketemu pinjol yang customer service-nya niat dan transparan gini.",2025-07-27 00:13:54
Marley Hopper,5,"Adik aku baru daftar kuliah dan uang pangkalnya lumayan bikin kaget. Untung ada Adakami, langsung cair dalam waktu singkat. Approval cepat dan prosesnya transparan. Cocok buat situasi darurat.",2025-07-27 00:12:13
Ahmad Junaedi,5,"Nggak nyangka approval cepat banget, pagi daftar sore udah masuk rekening.",2025-07-27 00:11:03
Abigail Jameson,5,"Sempat skeptis sama pinjaman online, tapi pas coba Adakami, langsung berubah pikiran. Aku pakai buat kursus desain grafis karena pengen upskill. Prosesnya gampang, cepat, dan bunganya juga oke. Tenor pendek bikin nggak was-was.",2025-07-27 00:10:45
Sahrll J,5,"Aku butuh dana darurat buat bayar supplier karena kepepet di biaya operasional usaha, untung ada Adakami. Cair cepet dan tenornya pendek, jadi nggak beban. Proses pendaftarannya juga super gampang.",2025-07-27 00:10:20
Dian Yandiii,5,"Pas baru mulai bisnis kue rumahan, aku kekurangan modal usaha buat beli oven. Temenku saranin Adakami, dan ternyata beneran enak prosesnya. Data aman, dan gak disebar ke mana-mana. Sekarang bisnis jalan!",2025-07-27 00:08:37
Yopi Pratama,5,cukup baik,2025-07-26 23:53:50
Stevanus Sumampouw,5,susah proses pinjaman,2025-07-26 23:44:29
Fardhan Abadah,5,"The Best sih aplikasi Ada Kami. Mudah pengajuannya, limitnya juga besar, tenor nya juga sesuai kemampuan. Recommended untuk yang lagi butuh Dana.",2025-07-26 23:38:44
Iyank Adrian,5,"alhamdulillah sangat membantu, pencairan cepat🤲🙏",2025-07-26 22:33:41
Wahyu Ciwidey,5,"proses cepat ga neko neko ,",2025-07-26 22:27:40
dull rohman,2,"mohon maaf di karenakan limit saya ngga ada jga saya ngga bisa pinjam maka saya akan uinstal saja ..mohon dengan data"" saya jangan di salah gunakan sya tidak bertanggung jawab bila ada sesuatu,terimakasih",2025-07-26 22:22:23
subscribe YouTube,5,sangat membantu,2025-07-26 22:15:56
John Morgan,5,Aplikasi yang sangat membantu bagi yang butuh pinjaman.,2025-07-26 22:11:01
Kenshin ID,5,"Saya atas nama Renaldi sudah tidak menggunakan apk ini... jadi tolong data"" saya dijaga dengan baik, kalau bisa dihapus supaya tidak ada terjadi hal"" yg tidak diinginkan... terimakasih",2025-07-26 22:02:31
Luh Putu Widyaningsih,4,cara pembayaran tagihannya tolong diisi dong,2025-07-26 22:00:46
J-AMY Thv,5,🌟🌟🌟🌟🌟🌟,2025-07-26 21:29:40
Nuryanti Nuryanti,1,TDK suka dgn aplikasi ini,2025-07-26 20:45:29
Ida Bagus Made Megarupa,5,sangat membantu,2025-07-26 20:41:54
Frangklin Dandel,5,bagus,2025-07-26 20:35:32
Rida Afdalia,5,"DATA SUDAH LENGKAP DI BERIKAN,, DATA SEMUA SUDAH OK, TAPI PINJAMAN TIDAK BERIKAN, KALIAN KUMPULIN DATA PINJAMAN ORANG BUAT APA ?",2025-07-26 20:27:25
Jay jo,4,"bersyukur aja gue mah gara"" bisa beli sepeda+bunga nga gede bet anjir minus",2025-07-26 20:24:09
Riz Nan,5,semoga adakami semakin maju dan sukses,2025-07-26 20:21:50
Dimas rahadian Adhitama putra,1,"kpd yth bpk/ibu akun saya yg bernama dimas rahadian minta tolong agar di hapus data2 pribadi saya dan jgn di salah gunakan. jika ada yg mengatas namakan saya, saya tidak bertanggung jwb atas smua itu. minta tlng hapus data2 pribadi saya segera yg atas nama dimas rahadian. saya tunggu etikad baiknya kpd bpk/ibu trima kasih",2025-07-26 20:08:05
Ridho Pratama,5,mantap,2025-07-26 19:56:41
AKBAR NUR,1,mengganggu,2025-07-26 19:41:29
ariya Dillah,5,mantap,2025-07-26 19:32:06
toto maritohehe,1,haya formalitas nyatanya pinjaman susah dan banyak teror itu yg mengulas manis hanya dari tim mereka.dan kalo boleh dan bisa ngga ngasih bintang saya pilih ngga kasih bintang.ini bintang 1 paksan karna kalo mau ngulas harus kasi bintang 👎👎👎,2025-07-26 19:31:40
Dodi Dodol,5,"Aplikasi ini sangat mudah digunakan, semua fitur terasa responsif dan aman. Edukasinya juga sangat membantu pemula!",2025-07-26 19:23:47
Fahmi Syaputra 1D,5,semoga saat sudah lunas kalo mau mengajukan lagi bisa langsung ACC tidak seperti saat itu sudah lunas tapi pengaju berikut nya slalu di tolak,2025-07-26 19:23:23
Erik Saputra,5,mantap,2025-07-26 19:14:25
Dedi Dalyanto,5,mantap,2025-07-26 18:59:51
Akhmad Sunaryo,1,"aplikasi juancok,bayar tepat ending juancok",2025-07-26 18:56:05
AlamFaisalSopandi,1,"untuk pinjaman sementara lumayan cepet,namun mohon maaf ketika penagihan padahal ketelatan cuman 1 hari sangat tidak sopan bahkan banyak ancaman didalamnya yang akan menyebarkan data pribadi disosial media,padahal tidak ada niatan menipu hanya kendala keuangan itupun telat satu hari",2025-07-26 18:52:49
Amar Ma'ruf,1,"platform sampah masyarakat,, tidak membantu malah menyusahkan...",2025-07-26 18:30:18
Dedi Isbandi,5,baik,2025-07-26 18:27:06
Raka Aditya,1,pencurian & penyebaran data .. sangat merugikan,2025-07-26 18:22:50
Eric Ardiansyah,1,gagal truss,2025-07-26 18:11:23
Imas Tating hayati,5,sangat bagus,2025-07-26 18:08:02
Danis Dn,5,top,2025-07-26 18:05:12
Yunita Ku,5,baik,2025-07-26 17:34:17
popo hartopo,5,angsuran per periode nya meringankan. gak kayak yg lain.angsuran awal besar.kayak gak iklas mau nolong. Ada kami OK👍🙏,2025-07-26 17:22:36
Dewa Indra,1,ini sistem kamera EROR Akut gak berpungsi tolong diperbaiki sistem pada KAMERA,2025-07-26 17:13:48
Widi Yanto,4,sanggat membantu,2025-07-26 17:11:50
Abdul Rohim Rohim,5,oke,2025-07-26 17:11:28
Faiz Ardie,5,bagus,2025-07-26 17:08:25
Adhy Suju,5,Mantap,2025-07-26 17:07:44
Kello 91,5,proses cepat no ribet,2025-07-26 16:56:11
Ilham Wahyudi,1,tidak profesional,2025-07-26 16:54:18
Eka Novianti,1,biasa aja,2025-07-26 16:53:59
Mang Pall,5,bgus,2025-07-26 16:50:40
Dedy Permana,5,mantap,2025-07-26 16:39:11
digdo soebijantoro,5,"angsuran Ringan reasonable, bisa membantu unt kebutuhan mendesak.. 👍",2025-07-26 16:27:04
jaehyun gfjiakh,1,"spam call,spam cht. pdhl baru juga bikin akun ga pinjaman tpi udah di spam call dll gajelas bgt nyesel daftar",2025-07-26 16:18:15
Muhammad Jofan,5,rekomendasi,2025-07-26 15:41:24
Topiq Hidayat,1,"mohon untuk pihak ADAKAMI data saya jangan disalah gunakan dan jangan menghubungi saya terus karna pengajuan saya tidak di acc dan sy tidak menerima uangmu. tolong hapus ! klo sampai disalahgunakan dan masih menghubungi saya, maka akan sy bawa ke proses hukum!",2025-07-26 15:21:48
Naila Suchy,5,Sangat bagus untuk minjam uang jadi sya kasi ranting5,2025-07-26 15:15:32
Rega Ar,5,mantap,2025-07-26 15:11:21
Naira Gonyek,5,"Mantap, pinjaman pertama langsung di acc dan nominal nya cukup besar 🙏",2025-07-26 15:10:58
Ratih Adi rahma,5,cepatttt klii pinjamanya,2025-07-26 15:04:17
Yosep Faizal,5,sangat membantu mudah ringan,2025-07-26 15:00:14
sabana Bayu,4,good job,2025-07-26 14:57:39
Pratiwi Nabila,3,"bagus si tapi kenapa pinjaman ku ga pernah di acc lagi, padahal aku selalu melunasi sebelum jatuh tempooo",2025-07-26 14:51:49
Muchlisin Muchlisin,5,mantap,2025-07-26 14:48:48
YUNI ROSMALA,5,iklan ini sangat menggangu sekali looo.. plis jangan ada iklan ini d hp saya,2025-07-26 14:48:07
Silvia,1,"Beberapa kali melakukan peminjaman dan pembayaran tepat waktu, jumlah limit pun tidak naik. Aplikasinya semangkin buruk,mengecewakan",2025-07-26 14:42:27
Dedi Cobain Daily,4,mantap,2025-07-26 14:40:50
Bani,4,kenapa sellu di tolak.. tolong di acc. biar bisa bayar sekolah anak..,2025-07-26 14:32:10
rezeki untoro,5,mntap,2025-07-26 14:21:03
Muhammadriyaldi,5,terbaik👍👍👍,2025-07-26 14:16:44
Rs Cuyss,5,saya kira aplikasi ini susah di mengerti ternyata gampang dan praktis proses cepat,2025-07-26 14:12:45
rahmad setiadi,5,membantu,2025-07-26 14:11:56
Naufal Barohman,1,aplikasi ini sangat tidak di rekomendasikan,2025-07-26 13:59:57
Najar Najar,5,membantu,2025-07-26 13:08:55
Fauzan Akmal,5,aplikasi terbaik,2025-07-26 13:02:53
Wahyudin,5,"Baru nyoba aplikasi ini, dah bikin kecewa karyawan nya, ngingetin tgl jatuh temponya WA & Telp berturut turut, memangnya ga cukup klo hanya 1 kali??? org dah paham hanya 1 saja diingetin, ga usah seluruh karyawan kantornya WA atau nelp, ganggu kenyamanan. Saran : Yg telat bayar aja, silahkan WA / Telp, tiap 2 detik klo perlu nelp / WA nya.",2025-07-26 12:56:50
Aulia - AL - Kei_Evav,5,luar biasa,2025-07-26 12:43:46
riswan tadius,1,"kalau nagi paling spam telfon chat tapi kalau ada kendala seketika adminnya hilang entah kemana, disini saya sangat kecewa kepada pihak di ada kami karna saya sudah bayar dan masih di tagi dibilang anda belum melunasih hutang padahal saya sudah kirim kan bukti pembayaran saya tapi pihak nya gak ada respon sama sekali malahan menghilang seakan akan mereka ingin saya didenda karna lewat tempo pembayaran",2025-07-26 12:35:20
Devi Tri Romadhoni,1,"hallo, jika ingin buat iklan, tolong buatkan yang lebih baik lagi, agar penonton iklannya juga tidak bosan, cari casting yang lebih pintar, agar iklan terlihat lebih natural dan bisa berekspresi",2025-07-26 12:33:40
Bagus Roberto,5,terimakasih,2025-07-26 12:25:53
aman Satria123,5,sangat membantu,2025-07-26 12:21:24
Tri Arianto,5,good,2025-07-26 11:52:17
Rifki Yanto,5,cepat kilat.... sukses selalu adakami,2025-07-26 11:52:00
Jajat Kudratuloh,5,hasil tinjauan nya agak lama ditunggu,2025-07-26 11:49:12
Joko Susilo,5,nice God job,2025-07-26 11:48:47
Tian Anggara,4,mohon untuk data saya jangan disalahgunakan untuk aplikasi sudah saya instal dan untuk no telp klo ada perubahan itu bukan saya saya tidak akan bertanggungjawab.terima kasih,2025-07-26 11:28:02
Dian Pratiwi,1,"tidak pernah pinjam di apk ini tpi pas masuk data tiba"" nomer KTP ada yg pake padahal GK pernah pake apk ini sama sekali",2025-07-26 11:21:54
Dwi Cahyani,5,sangat bagus,2025-07-26 11:19:10
Bagus Imam,3,nice,2025-07-26 11:15:56
my swityq,1,jelek,2025-07-26 11:12:15
Redemptus Defrendi mangguali,1,"bunganya 50%, saya sarankan jangan di install, dan yg paling buruk penagihannya biar blm lewat 1 hari sudah di chat dan di tuduh yg tidak², seperti d tuduh maling dan sebagainya, intinya jangan di install aplikasi bbangsatt satu ini",2025-07-26 11:08:43
XOTP1_08_AYUNDA A RESTINA,1,salah panggilan mulu bukan yang hutang dan ngga punya hutang eh di tlfn dimaki',2025-07-26 11:08:40
teguh teguh,5,simpel cepat praktis gak ribet.,2025-07-26 11:03:03
Angga Aktiko,5,membantu sangat,2025-07-26 10:57:58
Ririr Ririr,2,"jangan SEKALI SEKALI INSTAL APLIKASI INI, TERNYATA HANYA PLATFORMNYA SAJA BERIZIN OJK, DIBAWAHNYA BANYAK AFILIASI AFILIASI LENDER SEBAGAI PEMODALNYA, JANGAN BERHUTANG!! KARENA TELAT SEHARI PUN DISINI DITEROR DAN DIANCAM DIDATANGI DC GELAP2,DAN DIANCAM MEDAOS TEMPAT KERJA TERLAMPIR BUKTI SAYA SAMPAIKAN",2025-07-26 10:33:15
user kita bersama,1,"saya sudah menunggu hampir 1 Minggu lamanya, tapi dana yang saya ajukan belum masuk-masuk ke rekening saya. Apakah ini yang disebut peminjaman online Amanah ? kecewa saya dengan cs dan aplikasi ini 🙏",2025-07-26 10:28:03
Aria IRJ,5,"kalo ada pakai data pribadi saya,itu penipuan,karena saya gak pernah minjam,masa tiba2 no saya sudah di pakai katanya,inti nya saya gak pernah minjam kalo ada apa"" saya gak tanggung jawab",2025-07-26 10:22:35
ary majene,5,Aplikasi yang sangat membantu untuk kebutuhan mendesak..,2025-07-26 10:20:40
Zildjian,5,bagussss,2025-07-26 10:15:53
Dhoni ramadhan,1,aku heran. gak pernah pengajuan tapi tiba tiba punya hutang. berawal dari telfon yg tiba tiba meminta tagihan. pdahal gapernah pinjam.,2025-07-26 09:53:40
NickNara Vlog,5,"Sangat membantu disaat qt butuh dana mendesak,,",2025-07-26 09:49:29
Agus Wette,4,bagus,2025-07-26 09:43:01
nabila a,5,dana rupiah easyuang,2025-07-26 09:35:12
Muhammad 'Aqil,1,"jangan coba coba, Riba, Menjerat mengikat terlilit, lebih baik kalian lihat saudara² kalian di fb yt tiktok bagaimana mereka yang terjerat, adakami berisik Dcnya suka ngancem²",2025-07-26 09:26:35
Juli Anto,5,membantu,2025-07-26 09:24:47
Sabrina Alifia,3,masa mau minjem lagi gak bisa harus nunggu,2025-07-26 09:13:05
subur tri,5,sesuai,2025-07-26 08:46:15
Budirahmat,2,kenapa VA nya sering kali ganti tapi tidak ada ya bisa ngedetek nya alangkah baik nya langsung aja no rekening aja,2025-07-26 08:24:38
Annisa Maulida,3,Mohon untuk pihak Adakami untuk menghapus data data saya di adakami,2025-07-26 08:14:18
Dryan Permana,5,mantappp,2025-07-26 07:51:25
Sri Rahayu Pananrang,1,bosan liat iklannya nongol terus,2025-07-26 07:34:15
Iman Manggala28,5,mantap,2025-07-26 07:24:54
Veri Karmayaski,1,Woilah bikin iklan yg bener dikitlah,2025-07-26 07:05:07
fadil prasetya,4,membantu sekali saat kita butuh dana darurat,2025-07-26 06:47:27
Hendra komara,5,bagus keren,2025-07-26 06:27:24
Yumani Ani,5,aplikasi pinjaman ini sangat membantu,2025-07-26 06:17:15
ibnu rafli,5,mudah digunakan dan simpel,2025-07-26 06:15:37
Moch Suudy (Yudik.S),5,"Cara pengajuan simpel,limit tinggi walau pemula,tenor lumayan terjangkau dg kemampuan dan aplikasinya bagus banyak fasilitas keuntungan yg diberikan. Pastas kalo kita kasi rating bintang 5 👌👌",2025-07-26 05:34:35
Failam,5,nice,2025-07-26 05:12:13
Kek Iya,5,aplikasi Bagus,2025-07-26 04:36:16
nandi farhansyah,1,sampah,2025-07-26 03:57:51
Rama Satya,5,sangat membantu tempo nya 1 bulan,2025-07-26 01:56:13
arif Agus sholikin,1,MARKETING NYA MENJIJIKAN MENGGANGGU . SEKALIIGUS TERKESAAN MAKSA BBANGET !!,2025-07-26 01:53:51
Novita Triyasri,4,bgus,2025-07-26 01:31:39
Nur Sari,5,mantap,2025-07-26 01:15:52
RIL Aril,5,bagus,2025-07-26 01:03:45
Rarra Putri,5,keren,2025-07-26 01:02:52
Siti Jumini,1,ga JD pinjam ya mohon data saya dihapus,2025-07-26 00:33:37
Afrizal,5,mantul,2025-07-26 00:29:42
Muhammad heru,1,adakami cuma bisa minjam sekali aplikasi miskin,2025-07-26 00:28:16
Crazy Boy,1,limit pinjaman terlalu kecil,2025-07-26 00:22:53
Meliana yulia f.r._PL1B_057,5,"Biaya operasional usaha saya meningkat, pinjam di AdaKami buat tambahan harian.",2025-07-26 00:11:05
Aisyah,5,"Aku pernah ditolak aplikasi lain, padahal butuh buat kursus skill kerja. Tapi Adakami gak bikin ribet. Mereka percaya sama data yang kita kasih, dan langsung approval cepat. Sekarang aku udah kerja di posisi baru berkat skill itu.",2025-07-26 00:10:46
Lila Murray,5,"Adakami bantu aku ikut kursus baking yang dari dulu aku impiin. Modalnya dari mereka, cair cepat, dan pembayarannya fleksibel. Gak nyesel sama sekali.",2025-07-26 00:09:25
DEWI HASNITA8I,5,"Ikut kursus digital biar naik jabatan, dan dananya dari Adakami. Simple dan cepat prosesnya. Recommended!",2025-07-26 00:08:23
Ivan Reed,5,"Daftar mudah, isi data, upload KTP, langsung verifikasi. Gak sampai sejam udah approval. Enaknya lagi, tenor pendek, jadi gak merasa punya utang menahun.",2025-07-26 00:06:43
Sukma Nasution,5,Aku pakai Adakami buat bayar listrik dan beli stok di warung. Jadi solusi pas butuh dana buat biaya operasional usaha. Aman dan terpercaya!,2025-07-26 00:06:16
Beni Alindra,5,saya mengucapkan banyak terimakasih ke aplikasi ini sudah membantu saya .pass lagi kepepet. nanti kalw lunas kasih limit yg gede iya❤️,2025-07-25 23:47:41
Rivan noviansyah (Rivannvnsyh),1,aplikasi to**l,2025-07-25 23:28:13
Hasan Atrian,5,aku puas pelayanan cepat membantu sekali,2025-07-25 22:58:47
Boy Fitra,3,pengajuan saya ditolak..saya akan menghapus aplikasi.. tolong data saya jangan disalahgunakan.. saya tidak ada minjam apabila dikemudian hari data saya tersebar melalui aplikasi ini akan saya tuntut,2025-07-25 22:58:34
ARMAN DF,5,good,2025-07-25 22:55:16
Avery Taylor,5,sangat bagus,2025-07-25 22:55:12
Baru Anyar,1,aplikasi ini kok bisa di hp ku.langsung copot,2025-07-25 22:44:37
Sarah Yuliana,5,👍👍,2025-07-25 22:18:26
Fajar Rauf,5,bagus,2025-07-25 22:07:21
Awong,5,antapppp,2025-07-25 21:42:06
Muhammad Hasanudin,5,alhamdulillah cepat ga ribett,2025-07-25 20:56:23
Adi Kurnia,1,ganggu iklanmu,2025-07-25 20:32:06
Zuria Amina,1,mengganggu,2025-07-25 20:31:59
Z zauzah cantik,5,mantap,2025-07-25 20:23:24
TERATE 22,1,"cicilan 6 bulan saya lunasi dalam sekali bayar, tapi malah gak bisa minjam lagi, tau gini saya cicil aja asu asu",2025-07-25 20:13:17
Sanito Kancil,4,sangat baik,2025-07-25 20:00:12
Alfathir Dede,5,cepat ditanggapi,2025-07-25 19:49:06
Viving Saranani,5,Proses pendaftaran dan pengajuan dana cair sangat mudah dan cepat,2025-07-25 19:37:31
Rama Dhan,1,banyak x telpon spam tidak melihat waktu dan tempat,2025-07-25 19:15:10
Pirda pirda,2,pembayaran lancar tapi limit nya gabisa d ambil sue,2025-07-25 19:14:24
Eva Aldi,5,"sangat membantu,pencairan cepat 🙏😇",2025-07-25 19:12:18
Jhoy Ftm,5,Terima kasih ADAKAMI.. selalu ada,2025-07-25 19:01:10
Bagus Rockers,5,mudah dan sangat membantu,2025-07-25 18:45:44
Mad yasin Yasin,5,sangat membantu sekali,2025-07-25 18:28:49
Sihombingyosua07,5,good,2025-07-25 18:20:01
Tobi Ardiansyah,4,cepat proses nya,2025-07-25 18:15:41
Wahyu Annisa,5,aplikasi keren dan membantu,2025-07-25 18:14:02
Fisli Roma Sari,3,blum ingin iklan ini,2025-07-25 18:13:19
Rony Happiyanto,5,"Aplikasi ADAKAMI PINJAMAN online yg sangat mudah pencairannya dan bunganya sangat ringan, bisa membantu kita yg membutuhkan pinjaman uang,,terimasih Aplikasi ADAKAMI!!",2025-07-25 17:53:11
Riki Lubis,5,sukses terus buat adakami👍👍,2025-07-25 17:23:42
Kiki Novela,1,"saldo pertama 4 juta pas cek cicilan untuk 6 bulan buset 1jt lebih tiap bulannya. mending shopee pinjam sih, mencekik banget bunganya gede",2025-07-25 17:05:55
Caroline 1973,5,sangat membantu...sukses selalu buat adakami 🙏🏻😇,2025-07-25 16:59:59
ijan kijan,5,sangat membantu,2025-07-25 16:46:58
sadiyatuz zahra,1,"sampah, iklan mulu ga jelals",2025-07-25 16:41:21
Muhammad Pauji,5,sangat membantu 😭,2025-07-25 16:39:19
Abay Manye,5,terimakasih adakami,2025-07-25 16:39:14
Rinto Saputra,5,sangat membantu,2025-07-25 16:38:48
Dedi Sugiarto,1,tidak bermanfaat,2025-07-25 16:35:13
Ummu Rufaidah,1,iklan sangat menganggu,2025-07-25 16:35:08
Ahmad Khoirul makruf,1,aplikasi peneror,2025-07-25 16:29:17
Komeng Ganteng,1,BAD ATTITUDE,2025-07-25 16:27:17
Tyo Prasetyo,5,bagus min,2025-07-25 16:25:23
Syafrial Syafrial,1,Aplikasi cuma mengumpulkan data nasabah aja. Harap hati² jgn download aplikasi ini. Saya dapat sms trus di download ternyata ngumpulin data aja,2025-07-25 16:19:02
Edy Purba,5,ok,2025-07-25 16:12:49
idris maulana,5,jos,2025-07-25 16:11:24
Maisaroh Togie,4,aplikasi yg sangat membantu,2025-07-25 16:10:00
m wahyu,5,Tidak bisa mengajukan pinjaman kembali padahal pembayaran selalu lancar,2025-07-25 16:03:14
Akmal Ganteng,5,sangar bagus,2025-07-25 15:43:34
Gue Guwe,1,iklan terus juga woy laju tiap menit detik nongol di hp . bikin risih aj aplikasi ini.,2025-07-25 15:39:48
Rahmawati Husin,5,Membantu saat keadaan darurat 🙏,2025-07-25 15:31:05
Ramli Ofi,5,membantu sekalii proses mudah dan cepat,2025-07-25 15:27:04
fido swa,1,bunganya gila tingginya..pinjam 10 jt byrnya 16 jt...ampuni hamba yaa Robb..semoga cpt lunasi naudzubillah semoga tdk hutang lg#blacklish,2025-07-25 15:24:37
NAUFAL FAJAR,1,cringe bgt,2025-07-25 15:11:20
Dio Dika,1,"kenapa si iklan nya banyak banget semacam maksa download,sampe capek lo dapet iklan itu terus",2025-07-25 15:01:48
Muhammad Hamdani,1,saya belum mengajukan pinjaman tiba tiba menjadi pengajuan pinjaman bahay sekali aplikasi ink,2025-07-25 14:50:05
Leni Nurlaeli,5,bagus apknya,2025-07-25 14:48:35
Nanja Beddu,5,Terima kasih banyak sebelumnya . Aplikasi AdaKami sangat membantu karena di aplikasi lain saya kebanyakan di tolak.,2025-07-25 14:44:05
Lutfil Hakim,4,"saya tidak ada pinjaman,per 25 juli saya unsinstal apk,terimakasih",2025-07-25 14:24:44
Tutti Agustiani17,5,Daftar mudah dan proses approval-nya gak bikin nunggu lama kayak pinjaman lain.,2025-07-25 14:24:17
Nilda Putri,1,"iklan g jelas,dikit"" muncul.meresahkan, mengganggu aktivitas orang saja. google juga tidak bisa menghentikan ya.tolong ditindak",2025-07-25 14:22:54
Agus Adi,1,data saya tolong di hapus,2025-07-25 14:21:55
Yadi Riyadi,5,tolong hapus data saya. saya tidak jadi meminjam,2025-07-25 14:07:40
Jal Rijal,5,sangat baik,2025-07-25 14:00:37
J E N R E Y WUNG (Limited edision),1,Walaupun proses pinjama saya tidak diterima/di tolak nggk papa lah/ tapi tidak membantu saya,2025-07-25 13:47:40
ano malii,5,"Untuk biaya operasional usaha konter HP, saya pakai pinjaman dari AdaKami.",2025-07-25 13:36:34
Rabi'atul Adawiyah,5,"Awalnya coba-coba buat modal usaha, ternyata gampang cair dan bunganya ringan banget!",2025-07-25 13:36:19
Jaylen Carson,5,"Pakai adakami buat bayar biaya sekolah pas kepepet, lumayan buat nutupin pas ada kebutuhan darurat.",2025-07-25 13:36:06
Pajri Okok,5,Usaha kecil saya berkembang berkat tambahan dana dari AdaKami sebagai modal usaha.,2025-07-25 13:35:49
Apri Wahyuza,5,mokacih,2025-07-25 13:29:16
Ngurah Ariyadnya,5,mantappp.....,2025-07-25 13:02:05
Agil Prastiya,5,bagus,2025-07-25 12:45:51
Agung Ya,5,sangat membantu disaat lagi membutuhkan terima kasih ada kami,2025-07-25 12:39:32
usmanBarera 5758,1,aplikasi k****l,2025-07-25 12:16:45
Miftahul Jannah,1,"gua bayar ga masuk, nyusahin ajaa dah ahh",2025-07-25 12:14:18
Ayudia farina,1,"apk nya jelek bgttttt ga bisa upload foto KTP buram Mulu,Ga jelas ,tolong CS nya benerin lagi",2025-07-25 12:07:30
Muhamad Rizal Alfarizi,1,benci banget iklan gua,2025-07-25 11:57:54
Loita Munte,1,"saya lagi buka aplikasi lain, kenapa muncul munculllllllll.. gamau pinjam uang 😡😡😡😡😡😡",2025-07-25 11:56:59
Wita Leo,5,"sangat cepat, aman, dan terpercaya",2025-07-25 11:47:41
Mila Karisma,1,"bisa berenti muncul gak lo, ngeselin banget deh muncul muncul mulu di setiap aktivitas,.. cuihhhh",2025-07-25 11:40:36
Angella Christianti Willem,5,Sangat membantu,2025-07-25 11:39:56
Cucu Hermana,5,siips,2025-07-25 11:37:04
andhika dwifebrianto,1,"aplikasi menjebak,TDK ada tenor ,bunga sngt tinnggi pmbyaran pun sulit ,awass aplikasi ini",2025-07-25 11:19:53
Ferryant Joehant,5,semoga lolos meminjam,2025-07-25 11:17:55
Iqbal Lasinrang,1,aplikasi sampah,2025-07-25 11:12:44
cepdadang hermawan,5,sangat membantu,2025-07-25 11:10:13
Rahmat Adam,2,"pencairan lambat, dan bertele2",2025-07-25 11:08:34
Asim Law,5,good,2025-07-25 11:01:15
Lylla Noor Ocktavia,1,"iklan sangat mengganggu, alur ceritanya juga gak masuk diakal, kenapa ya sekarang orang berbondong bondong memberi hasutan berhutang untuk memenuhi keinginan bukan kebutuhan",2025-07-25 10:58:59
Dina Viona,1,ktnya bagus susah aaah ktnya KTP prnh di gunakan hadeuh ya emang udh tapi smh bank TDK di ACC gpp lagian GK punya utang pinjem onlen ni Bru mau coba coba gagal trs setiap ni iklan terus ya org iya aja iklan Bae,2025-07-25 10:55:44
siti aisyah,1,"bgst stop iklan di loklok, udh kebanyakan nyuruh org pinjol, gblk ga relevant bgt iklan lu, muak gw, apalagi langsung di saranin ke playstore, ini gw download buat ngasih tau aja ya bgst, stop ga lu iklan, bosen gw liat iklan lu, apaan bgt sumpah gajelas",2025-07-25 10:50:33
Thutu Anwar,1,mengganggu,2025-07-25 10:25:52
Wahyu Dahayu,5,mantap,2025-07-25 10:04:46
Liany Leo,1,ini iklan muncul jalan lancar pinjaman ilegal ma....,2025-07-25 09:56:36
Eenqk 29,5,lumayan untuk keadaan darurat,2025-07-25 09:50:08
Agus Sopian,5,mantap 10menit cair top,2025-07-25 09:36:57
Nila Suta,1,"gausah nawarin lagi, kalau gk mau minjemin",2025-07-25 09:33:39
David rudi Hartono batubara,5,semoga cair,2025-07-25 09:30:42
M.Frenky Reno Saputra,2,sudah lunas mau pinjam lagi malah ditolak.anehh,2025-07-25 09:26:40
SonyRB Damanik,5,sangat membantu..cepat cairnya,2025-07-25 09:22:06
rusli nur,5,bembangun saat emergency,2025-07-25 09:06:00
Bako Wardhana,1,"APAAN, TIBA2 DOWNLOAD SENDIRI. KALO KALIAN MELIHAT IKLAN NYA LAPORIN AJA KLIK PENIPUAN & MENYESATKAN .",2025-07-25 08:50:00
Yoel Rivalda,5,kenapa tagihan tidak sesuai yaaa.tologn dibantu,2025-07-25 08:45:28
nasi goreng nyaman,5,makasih ada kami inshahk allah menbantu saya dengan hati yang iklas makasi ya adakami mohon maaf smoga membantu saya gendala masalah keuangan.mohon maaf. smoga saya di bantu sama adakami makasih,2025-07-25 08:30:48
Ridwan Nuryana,1,aplikasi terbaik,2025-07-25 08:05:22
Reza Elfathan,5,"mudah dan cepat, beda dengan aplikasi lainnya....",2025-07-25 07:55:47
Gacor All Game,5,nice,2025-07-25 07:54:23
Yulifebri,1,aplikasi tidak bermutu,2025-07-25 07:50:24
Odalige Hulu,1,jangan pernah minjan di sini aku baru kena masih ada 4 hari lagi baru jatuh tenor nya tapi saya di telpon terus di suruh bayar cepat cepat dan di marahin buat teman teman jangan pernah minjam di sini nanti kalian menyesal,2025-07-25 07:43:23
Fitri Pelitasari,4,"pertanggal 25 juli pengajuan saya di tolak,padahal belum pernah minjem di apk manapun,jadi tolong hapus data saya,dan jika data saya di persalahgunakan alan saya lapor ke pihak ojk,dan apa bila data saya ada yang pake itu bukan saya,karana jelas hari ini saya di tolak,terimakasih",2025-07-25 07:40:33
Wayan Juli artawan,1,"iklan pada aplikasi whatsapp, sangat menggangu dan maksa",2025-07-25 07:06:54
kiki fadillah,1,"Halo saya pengguna baru ada kami, saat penawaran awal ada kupon yg ditawarkan untuk free bunga selama 7hr dan saya telah menekan untuk memakai nya tp kenapa saat pencairan dana, penqgihan yg tertera kupon nya tdk terpakai? Yg awal nya tertulis penagihan perbln nya 400rb berubah menjadi 639rb, saya kecewa sih klo tiba2 sistem nya berubah sendiri dan merasa tertipu",2025-07-25 07:05:38
Agus Supartono,5,Yyy kl dikasih pinjaman ya boleh lah soalnya LG Bu tp kdg ga di acc,2025-07-25 05:58:47
mah bub,5,saya merasa puas dengan layanannya. terimakasih,2025-07-25 05:58:15
hai Bray,1,IKLAN YANG SANGAT MENGGANGGU. MENYESATKAN!,2025-07-25 05:29:22
Rofiq Atharizz,1,jgan menampilkan iklan ini terus menerus.sangat menganggu terimakasih,2025-07-25 05:23:17
Yoga Pahlevi,1,ribet,2025-07-25 04:04:04
Fitriyah Wahyuni,5,limit naik trs pengajuan gampang sippp pokonahhh,2025-07-25 03:38:21
Henri Santoso,1,"benci bgt sama iklannya adakami udah ada dimana2, muka2 talent nya kaya orang yang kejebak pinjol.",2025-07-25 03:30:10
Andrias Budianto,5,bagus,2025-07-25 02:34:31
Dyan XV3,5,apk nya sngat baguaa,2025-07-25 01:39:10
Ade Ray,5,woi tolol hapus data saya. giliran daftar bisa. tapi setelah pengajuan di tolak aplikasi tolol. segera hapus data saya. mau hapus data aja ribet sekali. saya lapor ke polisi jika kalian gunakan data saya liat aja nanti. sengaja kasih bintang banyak biar terlihat jelas komen saya,2025-07-25 01:25:20
ija ijal,5,mantap jiwa,2025-07-25 00:44:54
ayub suandri,5,mantap deh pokoknya nya di adakami pinjamannya dengan cpt gk buat kita lama pinjamannya saya kemarin baru lunasin seblom jatuh tempo kan habis itu saya mau ajukan pinjaman lagi mala di tolak tolong di mengerti y,2025-07-25 00:44:28
Hendri Kesuma,5,makasih udh di acc,2025-07-25 00:21:00
Farid Fadilah,5,good,2025-07-25 00:19:39
Putra Yadi,5,mantap luar biasa aplikasi ini,2025-07-24 23:43:46
Febi Barokah,5,baik,2025-07-24 23:38:36
Game Me,5,👍,2025-07-24 23:35:17
Ijang Ledar,1,jangan coba pinjam aplikasi ini ribet...tidak cair...kalau ga percaya coba saja.saya menyesal....bresengsek,2025-07-24 23:34:14
Yorni Wirastika,3,"Tolong yah buat admin ADAKAMI, kalau pengguna udah bayar walaupun telat sehari tolong dikonfirmasikan ke debt collectornya, agar tidak spam telfon padahal sudah bayar",2025-07-24 23:33:27
Maulida yusnita,5,aplikasi yg sangat membantu,2025-07-24 23:06:26
Muammar Fahrezi,5,"bestt.. pencairan mudah, cepat serta limit besar",2025-07-24 22:50:54
Izal 101,1,jgn pinjam disini. mending apk lain. dsni h-1 dan hari h kek di tagih sama tmpat pinjaman ilegal. kasar banget. pling smpe nyesell,2025-07-24 22:45:12
Ara Kalla,2,sya sudah melunasi tolong hapus data sya yg atas nama zahra febbrina jika anda memakai data sya tampa sepengetahuan sya itu bukan tanggu jawab sya,2025-07-24 22:33:22
Bengkel Panggilan 24 Jam Kota Semarang.,1,NB:(100% PENIPU ONLINE).,2025-07-24 22:32:15
Bunga Adelia,1,"apk no good gak suka, dikira dia aku gak mampu bayar apa, DC nya menyebalkann sok lantam",2025-07-24 22:25:54
Bengkel las Tunggal putri,1,kurang bagus,2025-07-24 22:07:23
Herry candra Lubis,5,cepat,2025-07-24 22:04:19
Anita Ferdhianty,1,"terlalu berisik iklannya. dimanapun iklannya aplikasi ini, heran. mana durasinya lamaa banget lagi",2025-07-24 21:55:35
Aim Ferdi,5,sangat membantu terimakasih,2025-07-24 21:47:43
siro 20,1,aplikasi iklan sangat mengganggu,2025-07-24 21:46:58
santana wijaya,5,salam semangat,2025-07-24 21:42:50
Hadi Fattra,2,mengajukan pinjaman selalu di tolak... mending ga usah di buat aplikasi gini,2025-07-24 21:01:54
MYusuf Sudadi,5,terimakasih atas bantuannya ini benar2 membantu sekali,2025-07-24 20:19:50
Agus Widodo,3,mohon dihapus data pribadi pengajuan sya cancel aplikasi SDH sya uninstal,2025-07-24 20:12:32
MITTA MITTA,5,"limit besar, bunga kecil, banyak pilihan periode pembayaran, best pokoknya",2025-07-24 20:01:06
Febri Yanto,5,Trimksih AdaKami.... Telah membantu keuangan kmi..🙏,2025-07-24 20:00:39
yildiraay.baszthur.R,4,Ok baik cukup bagus Karna sudah membantu disaat saya susah,2025-07-24 19:57:54
Rangga Lawe,5,proses sangat cepat.,2025-07-24 19:50:03
FIRDAUS Daus (Daus),4,"saya mau coba aplikasi keuangan ini, mudah mudahan bisa bermanfaat.",2025-07-24 19:45:23
Sersoze,1,Semenjak daftar aplikasi ini banyak telpon penipuan masuk,2025-07-24 19:37:02
Yulita Susandra,1,jangan iklan muluuuu di hp gw,2025-07-24 19:30:51
MGL Channel,1,"tidak rekomen,terlalu ribet",2025-07-24 19:08:02
Rendy septian18,4,4 dulu belum acc soalnya,2025-07-24 19:04:55
Ahmad Virmansyah,4,"naik bintang 4 dulu , karna pinjaman nya belum cair ke rekening ,kalo udh cair baru d ubah jadi bintang 5",2025-07-24 18:54:22
shendy saputra,5,keren aplikasi nya,2025-07-24 18:50:47
Erwin Salay,5,"Sangat membantu,,cuma SMP saat ini saya belum di Kase",2025-07-24 18:41:55
Asmiati Karan,1,iklannya menggangu,2025-07-24 18:38:38
Dinda Fitrianda,1,"bisa ga sih csnya disuruh berenti nelpon², aku ga tertarik, ganggu banget sumpah, cari aja yang bener2 mau pinjem jangan nelpon² aku kasih rating 0 maap soalnya sumpah ganggu banget plis ya ada kami tolong dinotice suruh berenti promosiin lewat telpon ganggu aku terganggu bangett",2025-07-24 18:28:18
Moch Arif Hidayatulah,1,"aplikasi ribet, ga laku di gua gausah pasang iklan disetiap apliaksi lain.",2025-07-24 18:17:43
Dian Febryanto,5,sangat bagus,2025-07-24 18:09:12
adi Riyadi,5,"asli real sangat membantu, walau pun dpt limit kecil....cukup untuk kebutuhan yg saya perlukan....",2025-07-24 18:08:56
Cahya Gibran,5,Mantap,2025-07-24 18:02:43
Hafsari Alsinta,1,membosankan,2025-07-24 17:29:27
Ilham Budiman,5,good,2025-07-24 17:23:41
